seqnames	start	end	width	strand	tvalue	score	annotation	geneChr	geneStart	geneEnd	geneLength	geneStrand	geneId	distanceToTSS	group	absDistToTSS
I	20806	21263	458	*	3.94205	3.94205	Promoter	1	21566	21850	285	1	YAL064W	-303	3	303
I	32633	33336	704	*	6.52013	6.52013	Promoter	1	33448	34701	1254	1	YAL061W	-112	6	112
I	34368	34807	440	*	3.95972	3.95973	Promoter	1	35155	36303	1149	1	YAL060W	-348	3	348
I	45124	45785	662	*	10.2933	10.2933	Promoter	1	42881	45022	2142	2	YAL054C	-102	8	102
I	67616	70545	2930	*	11.1143	11.2039	Promoter	1	68716	69525	810	2	YAL039C	0	8	0
I	70599	71684	1086	*	14.5766	14.6052	Promoter	1	71786	73288	1503	1	YAL038W	-102	9	102
I	92378	92887	510	*	3.92191	3.92191	Promoter	1	92900	94486	1587	1	YAL028W	-13	3	13
I	138963	139262	300	*	1	1	Promoter	1	139152	139254	103	1	tP(UGG)A	0	0	0
I	141557	142276	720	*	14.8223	14.8223	Promoter	1	142174	143160	987	1	YAL003W	0	9	0
I	165165	166332	1168	*	7.38197	7.38197	Promoter	1	164544	165866	1323	2	YAR010C	0	6	0
I	181098	181419	322	*	2.99899	2.99899	Promoter	1	181141	181254	114	1	tL(CAA)A	0	2	0
I	189573	192106	2534	*	10.301	10.4318	Promoter	1	190193	192256	2064	1	YAR035W	0	8	0
I	210993	211292	300	*	1	1	Distal Intergenic	1	208367	208663	297	1	YAR053W	2626	0	2626
I	220134	220501	368	*	2.9894	2.9894	Promoter	1	220198	220497	300	1	YAR064W	0	2	0
II	1	320	320	*	4.95457	4.95457	Promoter	2	646	1128	483	1	YBL113W-A	-326	4	326
II	3838	4137	300	*	1	1.00001	Exon (YBL111C_mRNA/YBL111C, exon 2 of 2)	2	2907	5009	2103	2	YBL111C	872	0	872
II	5265	6494	1230	*	13.8528	13.8528	Promoter	2	5790	6125	336	1	YBL109W	0	9	0
II	28644	29105	462	*	3.92582	3.92582	Promoter	2	28427	28546	120	1	YBL100W-C	217	3	217
II	36192	36899	708	*	8.67289	8.67289	Promoter	2	36398	36488	91	1	tF(GAA)B	0	7	0
II	44865	45626	762	*	5.50003	5.50003	Promoter	2	44256	44918	663	2	YBL093C	0	5	0
II	60637	61272	636	*	5.82671	5.82671	Promoter	2	59822	60739	918	2	YBL087C	0	5	0
II	89617	90050	434	*	3.95838	3.95838	Promoter	2	89978	90226	249	1	YBL071W-A	0	3	0
II	101105	101562	458	*	9.90366	9.90366	Promoter	2	100371	101156	786	2	YBL064C	0	8	0
II	116936	117533	598	*	2.8347	2.8347	Promoter	2	117589	119166	1578	1	YBL054W	-56	1	56
II	135514	136579	1066	*	8.77241	8.77241	Promoter	2	135998	136366	369	1	YBL044W	0	7	0
II	140166	141311	1146	*	8.90907	8.90907	Promoter	2	141247	141972	726	1	YBL041W	0	7	0
II	159588	160173	586	*	9.56899	9.56899	Promoter	2	158656	159693	1038	2	YBL033C	0	8	0
II	164002	165813	1812	*	12.5126	12.767	Promoter	2	164488	164772	285	2	YBL029C-A	0	9	0
II	167765	168324	560	*	7.71338	7.71338	Promoter	2	167518	167838	321	2	YBL028C	0	7	0
II	191687	191986	300	*	1	1	Promoter	2	186844	191583	4740	2	YBL017C	-104	0	104
II	193407	194052	646	*	8.46878	8.46878	Promoter	2	194122	195702	1581	1	YBL015W	-70	7	70
II	197383	197814	432	*	3.96383	3.96383	Promoter	2	197629	197699	71	2	tG(GCC)B	0	3	0
II	201724	202603	880	*	1.34707	1.35346	Promoter	2	202056	203261	1206	1	YBL013W	0	0	0
II	202983	203520	538	*	3.90739	3.92635	Promoter	2	203538	205817	2280	1	YBL011W	-18	3	18
II	221227	222274	1048	*	3.80602	3.80602	Promoter	2	221330	222652	1323	1	YBL005W-A	0	2	0
II	226979	227278	300	*	1	1	Promoter	2	227075	227156	82	1	tS(AGA)B	0	0	0
II	235918	236391	474	*	2.93147	2.93147	Promoter	2	236492	236887	396	1	YBL002W	-101	1	101
II	251139	251438	300	*	1	1	Promoter	2	248806	251016	2211	2	YBR007C	-123	0	123
II	255744	256339	596	*	6.55139	6.55139	Promoter	2	256331	256741	411	1	YBR010W	0	6	0
II	259857	260496	640	*	3.57113	3.57113	Promoter	2	259869	261191	1323	1	YBR012W-A	0	2	0
II	269915	270282	368	*	1.98757	1.98757	Promoter	2	270247	270633	387	1	YBR016W	0	1	0
II	332380	332713	334	*	2.99679	2.99679	Promoter	2	332831	333812	982	1	YBR048W	-118	2	118
II	336903	337314	412	*	5.96204	5.96204	Promoter	2	334386	336818	2433	2	YBR049C	-85	5	85
II	341044	342595	1552	*	6.42379	6.42379	Promoter	2	339675	340751	1077	2	YBR053C	-293	6	293
II	350723	351056	334	*	2.99712	2.99712	Promoter	2	350827	350898	72	1	tQ(UUG)B	0	2	0
II	370635	371908	1274	*	3.24643	3.24643	Promoter	2	370037	370699	663	2	YBR066C	0	2	0
II	372995	373576	582	*	6.76937	6.76937	Promoter	2	372103	372735	633	2	YBR067C	-260	6	260
II	375721	376568	848	*	13.3111	13.3111	Promoter	2	373861	375690	1830	2	YBR068C	-31	9	31
II	378577	379108	532	*	3.85012	3.85012	Promoter	2	376574	378433	1860	2	YBR069C	-144	3	144
II	381227	381728	502	*	3.84112	3.84112	Promoter	2	382030	382674	645	1	YBR072W	-302	3	302
II	392267	392934	668	*	10.8187	10.8463	Promoter	2	391805	392293	489	2	YBR077C	0	8	0
II	405803	406188	386	*	2.98293	2.98309	Promoter	2	405960	406031	72	1	tD(GUC)B	0	2	0
II	407149	407594	446	*	4.95083	4.95129	Promoter	2	406628	407169	542	2	YBR082C	0	4	0
II	408351	409136	786	*	6.59057	6.59075	Promoter	2	409169	410629	1461	1	YBR083W	-33	6	33
II	415343	415872	530	*	2.88838	2.88838	Promoter	2	414186	415261	1076	2	YBR084C-A	-82	1	82
II	419166	420091	926	*	6.72179	6.72179	Promoter	2	418907	419164	258	2	YBR085C-A	-2	6	2
II	426810	427251	442	*	3.95571	3.95571	Promoter	2	426333	427058	726	2	YBR090C	0	3	0
II	452014	452683	670	*	12.2671	12.2671	Promoter	2	452658	453224	567	1	YBR106W	0	9	0
II	465814	467223	1410	*	10.4492	10.4492	Promoter	2	467248	469620	2373	1	YBR114W	-25	8	25
II	477018	477717	700	*	10.2465	10.2465	Promoter	2	477671	479047	1377	1	YBR118W	0	8	0
II	490473	491298	826	*	7.15815	7.15815	Promoter	2	490850	491056	207	1	YBR126W-A	0	6	0
II	501560	501859	300	*	1	1	Promoter	2	499652	501442	1791	2	YBR132C	-118	0	118
II	504351	504718	368	*	2.99021	2.99021	Promoter	2	501804	504287	2484	2	YBR133C	-64	2	64
II	544483	544910	428	*	4.95398	4.95398	Promoter	2	541209	544493	3285	2	YBR150C	0	4	0
II	555155	556478	1324	*	16.257	16.4219	Promoter	2	556549	558198	1650	1	YBR158W	-71	9	71
II	564899	565244	346	*	1.99438	1.99438	Promoter	2	565231	565428	198	1	YBR162W-A	0	1	0
II	592909	593240	332	*	1.99716	1.99716	Promoter	2	591712	592774	1063	2	YBR181C	-135	1	135
II	595565	596090	526	*	3.88052	3.88052	Promoter	2	595361	595555	195	2	YBR182C-A	-10	3	10
II	604082	604477	396	*	2.97884	2.97884	Promoter	2	603685	604107	423	2	YBR188C	0	2	0
II	605772	606089	318	*	1.9991	1.9991	Promoter	2	605966	606277	312	1	YBR190W	0	1	0
II	613855	614816	962	*	6.78072	6.87907	Promoter	2	612236	613900	1665	2	YBR196C	0	6	0
II	624808	625879	1072	*	6.11126	6.11126	Promoter	2	625772	628309	2538	1	YBR202W	0	5	0
II	628394	629067	674	*	7.45277	7.45277	Promoter	2	629168	631942	2775	1	YBR203W	-101	6	101
II	642556	642855	300	*	1	1	Promoter	2	642583	642900	318	1	YBR209W	0	0	0
II	662442	662931	490	*	4.83718	4.83718	Promoter	2	658707	662249	3543	2	YBR218C	-193	4	193
II	668632	668951	320	*	1.99899	1.99899	Promoter	2	668721	668840	120	1	YBR223W-A	0	1	0
II	680051	680388	338	*	1.99599	1.99599	Promoter	2	680362	680562	201	1	YBR230W-A	0	1	0
II	681847	682282	436	*	13.8238	13.8238	Promoter	2	680688	681862	1175	2	LSR1	0	9	0
II	697352	697873	522	*	2.90286	2.90286	Promoter	2	695107	697302	2196	2	YBR238C	-50	1	50
II	702104	702521	418	*	2.96353	2.96353	Promoter	2	700490	701842	1353	2	YBR240C	-262	2	262
II	770472	770929	458	*	4.90352	4.90352	Promoter	2	768943	770415	1473	2	YBR283C	-57	4	57
II	812782	813311	530	*	7.65968	7.65968	Distal Intergenic	2	810340	811479	1140	2	YBR302C	-1303	7	1303
III	1	984	984	*	9.80515	9.80515	Distal Intergenic	3	1392	2135	744	1	YCL076W	-408	8	408
III	49839	51422	1584	*	19.257	19.3595	Promoter	3	50838	52340	1503	1	YCL040W	0	9	0
III	68377	68708	332	*	2.99759	2.99759	Promoter	3	65934	68333	2400	2	YCL030C	-44	2	44
III	77819	79202	1384	*	11.2238	11.2238	Promoter	3	79162	82275	3114	1	YCL024W	0	8	0
III	85276	85575	300	*	1	1	Promoter	3	85102	86418	1317	1	YCL020W	174	0	174
III	90816	91281	466	*	4.90662	4.90662	Promoter	3	90859	90972	114	1	tL(CAA)C	0	4	0
III	122070	123339	1270	*	7.67298	7.83657	Promoter	3	120946	122328	1383	2	YCR005C	0	7	0
III	125102	125401	300	*	1	1.0003	Distal Intergenic	3	126011	126730	720	2	YCR007C	1329	0	1329
III	127528	128061	534	*	6.89622	6.89622	Promoter	3	127716	127789	74	1	tN(GUU)C	0	6	0
III	133480	133779	300	*	1	1	Promoter	3	132273	133124	852	2	YCR010C	-356	0	356
III	136923	137742	820	*	10.6957	10.6957	Promoter	3	137746	138996	1251	1	YCR012W	-4	8	4
III	157433	157900	468	*	2.933	2.933	Promoter	3	157421	157765	345	2	YCR022C	0	1	0
III	163251	164100	850	*	16.4464	16.4464	Promoter	3	163446	163856	411	2	YCR025C	0	9	0
III	168174	168473	300	*	1	1	Promoter	3	168301	168372	72	2	tQ(UUG)C	0	0	0
III	178141	178486	346	*	1.99438	1.99438	Promoter	3	177500	178220	721	2	YCR031C	0	1	0
III	211492	211957	466	*	5.90159	5.90159	Promoter	3	210718	211545	828	2	YCR047C	0	5	0
III	225144	225535	392	*	4.97689	5.02292	Promoter	3	225563	227458	1896	1	YCR061W	-28	4	28
III	225789	226372	584	*	1.8838	2.11256	Promoter	3	225563	227458	1896	1	YCR061W	226	1	226
III	228612	229221	610	*	10.6569	10.8977	Promoter	3	229310	231004	1695	1	YCR065W	-89	8	89
III	236717	237168	452	*	3.95309	3.95309	Promoter	3	237214	238776	1563	1	YCR068W	-46	3	46
III	246653	246956	304	*	1.99997	1.99997	Promoter	3	246963	247910	948	1	YCR073W-A	-7	1	7
III	295361	295660	300	*	1	1	Promoter	3	295484	295556	73	1	tT(AGU)C	0	0	0
III	298721	299596	876	*	4.92742	4.92742	Promoter	3	297049	298605	1557	2	YCR098C	-116	4	116
III	305624	305953	330	*	2.9975	2.9975	Promoter	3	304361	305467	1107	2	YCR102C	-157	2	157
III	315895	317006	1112	*	5.68345	5.68345	Promoter	3	315997	316188	192	2	YCR108C	0	5	0
IV	1	340	340	*	4.93658	4.93658	Distal Intergenic	4	1802	2953	1152	1	YDL248W	-1462	4	1462
IV	62192	62537	346	*	3.99572	3.99572	Promoter	4	62011	62562	552	1	YDL221W	181	3	181
IV	76848	77367	520	*	4.91418	4.91418	Promoter	4	74446	76545	2100	2	YDL214C	-303	4	303
IV	106764	107125	362	*	1.98935	1.98935	Promoter	4	106741	107070	330	1	YDL196W	23	1	23
IV	117222	117627	406	*	3.95865	3.95865	Promoter	4	117664	118517	854	1	YDL191W	-37	3	37
IV	130575	130960	386	*	3.97976	3.97976	Promoter	4	130407	130484	78	2	YDL184C	-91	3	91
IV	132714	133425	712	*	7.32618	7.32618	Promoter	4	133437	134723	1287	1	YDL182W	-12	6	12
IV	134721	135026	306	*	1.99993	1.99993	Promoter	4	135179	135436	258	1	YDL181W	-153	1	153
IV	147543	148218	676	*	5.73284	5.73284	Promoter	4	148191	149078	888	1	YDL173W	0	5	0
IV	155897	156402	506	*	8.8207	8.8207	Promoter	4	156318	157904	1587	1	YDL170W	0	7	0
IV	211065	211472	408	*	2.96902	2.96902	Exon (YDL139C_mRNA/YDL139C, exon 1 of 1)	4	205360	210561	5202	2	YDL140C	-504	2	504
IV	212650	213181	532	*	5.78811	5.78811	Promoter	4	213351	215642	2292	1	YDL138W	-170	5	170
IV	215666	216043	378	*	2.98703	2.98705	Downstream (<=300bp)	4	216529	217074	546	1	YDL137W	-486	2	486
IV	217114	217573	460	*	2.94639	2.9464	Promoter	4	217600	218367	768	1	YDL136W	-27	1	27
IV	221969	222344	376	*	2.98772	2.98772	Promoter	4	222427	223740	1314	1	YDL133W	-83	2	83
IV	226915	227302	388	*	1.97908	1.97908	Promoter	4	227393	228715	1323	1	YDL131W	-91	1	91
IV	229481	229844	364	*	2.98993	2.98993	Promoter	4	229906	230527	622	1	YDL130W	-62	2	62
IV	234070	234881	812	*	6.95583	6.95583	Promoter	4	234927	235853	927	1	YDL127W	-46	6	46
IV	239542	240465	924	*	6.25018	6.25018	Promoter	4	240259	241197	939	1	YDL124W	0	5	0
IV	286655	287052	398	*	2.97823	2.97823	Promoter	4	285391	286695	1305	2	YDL097C	0	2	0
IV	302603	303230	628	*	4.68757	4.68757	Promoter	4	302464	302670	207	2	YDL085C-A	0	4	0
IV	307869	308452	584	*	4.76998	4.76998	Promoter	4	308424	309388	965	1	YDL082W	0	4	0
IV	321656	322249	594	*	1.7752	1.7752	Promoter	4	322226	322988	763	1	YDL075W	0	0	0
IV	330382	331317	936	*	12.1549	12.1549	Promoter	4	331024	332940	1917	1	YDL070W	0	9	0
IV	341169	341710	542	*	4.88054	4.88054	Promoter	4	341619	343985	2367	1	YDL060W	0	4	0
IV	356564	357813	1250	*	6.48399	6.48399	Promoter	4	355674	356759	1086	2	YDL055C	0	6	0
IV	359412	359829	418	*	1.96169	1.96169	Promoter	4	359577	359672	96	1	tK(UUU)D	0	0	0
IV	363559	363956	398	*	6.96905	6.96905	Promoter	4	363952	364779	828	1	YDL051W	0	6	0
IV	366017	366710	694	*	4.5001	4.5001	Promoter	4	365068	365874	807	2	YDL049C	-143	4	143
IV	368368	369817	1450	*	13.0444	13.0444	Promoter	4	369771	370706	936	1	YDL047W	0	9	0
IV	407260	407999	740	*	4.36343	4.36343	Promoter	4	405344	407206	1863	2	YDL025C	-54	3	54
IV	410664	412003	1340	*	13.6857	13.7436	Promoter	4	411825	413000	1176	1	YDL022W	0	9	0
IV	416745	417336	592	*	7.77584	7.77584	Promoter	4	415113	416708	1596	2	YDL020C	-37	7	37
IV	437675	438036	362	*	1.98969	1.98969	Promoter	4	437772	437853	82	1	tS(AGA)D1	0	1	0
IV	452567	453074	508	*	5.87563	5.87563	Promoter	4	453045	453650	606	1	YDR002W	0	5	0
IV	461326	461729	404	*	8.94631	8.94631	Promoter	4	458542	461247	2706	2	YDR006C	-79	7	79
IV	464991	465630	640	*	9.53444	9.53444	Promoter	4	465051	465383	333	2	YDR010C	0	8	0
IV	490986	491559	574	*	5.66781	5.66781	Promoter	4	491017	491502	486	1	YDR024W	0	5	0
IV	505524	507801	2278	*	5.84437	5.85293	Promoter	4	508147	509109	963	1	YDR033W	-346	5	346
IV	512178	512525	348	*	1.99361	1.99361	Promoter	4	509737	512109	2373	2	YDR034C	-69	1	69
IV	520870	521169	300	*	1	1	Promoter	4	520972	521043	72	1	tQ(UUG)D1	0	0	0
IV	524730	525029	300	*	1	1	Promoter	4	523211	524713	1503	2	YDR036C	-17	0	17
IV	538866	539303	438	*	5.96029	5.96029	Promoter	4	535192	538467	3276	2	YDR040C	-399	5	399
IV	541724	542835	1112	*	4.93861	4.93864	Promoter	4	541602	541700	99	2	snR47	-24	4	24
IV	543515	545026	1512	*	4.28705	4.28705	Promoter	4	542674	543369	696	2	YDR043C	-146	3	146
IV	546015	546440	426	*	1.95638	1.95638	Promoter	4	546642	547628	987	1	YDR044W	-202	0	202
IV	550888	551981	1094	*	6.92062	6.92062	Promoter	4	551860	552948	1089	1	YDR047W	0	6	0
IV	556590	556993	404	*	2.9772	2.9772	Promoter	4	555726	556472	747	2	YDR050C	-118	2	118
IV	562483	563538	1056	*	16.6037	16.6037	Promoter	4	563527	564861	1335	1	YDR055W	0	9	0
IV	568717	569252	536	*	4.88073	4.88073	Promoter	4	568964	569035	72	1	tD(GUC)D	0	4	0
IV	591318	592461	1144	*	16.1256	16.1256	Promoter	4	589761	591344	1584	2	YDR072C	0	9	0
IV	593332	593633	302	*	0.999994	1.00104	Promoter	4	593893	596583	2691	1	YDR074W	-260	0	260
IV	599545	600506	962	*	9.38403	9.42272	Promoter	4	600793	601809	1017	1	YDR077W	-287	8	287
IV	616316	616643	328	*	1.99797	1.99797	Promoter	4	614288	616150	1863	2	YDR085C	-166	1	166
IV	635899	636614	716	*	9.23657	9.23657	Promoter	4	636117	636527	411	2	YDR095C	0	8	0
IV	644909	645384	476	*	3.91031	3.91031	Promoter	4	644178	644930	753	2	YDR098C	0	3	0
IV	650385	651136	752	*	4.35564	4.35564	Promoter	4	649804	651126	1323	2	YDR098C-A	0	3	0
IV	652296	652657	362	*	4.99046	4.99047	Distal Intergenic	4	653607	654428	822	1	YDR099W	-950	4	950
IV	721552	723039	1488	*	11.2768	11.2768	Promoter	4	720962	721297	336	2	YDR133C	-255	8	255
IV	755254	755623	370	*	4.98371	4.98371	Promoter	4	755628	763874	8247	1	YDR150W	-5	4	5
IV	765242	765633	392	*	3.98407	3.98407	Promoter	4	765706	766503	798	1	YDR152W	-73	3	73
IV	768955	769664	710	*	4.65608	4.65608	Promoter	4	768512	769000	489	2	YDR155C	0	4	0
IV	794199	794580	382	*	2.98597	2.98597	Promoter	4	794574	794723	150	2	YDR169C-A	143	2	143
IV	806234	806597	364	*	3.9903	3.9903	Promoter	4	806621	807748	1128	1	YDR171W	-24	3	24
IV	811640	812173	534	*	4.8677	4.8677	Promoter	4	812110	812850	741	1	YDR174W	0	4	0
IV	835493	836644	1152	*	14.1142	14.1142	Promoter	4	836421	838061	1641	1	YDR188W	0	9	0
IV	866637	867044	408	*	3.96815	4.04607	Exon (YDR207C_mRNA/YDR207C, exon 1 of 1)	4	865012	867522	2511	2	YDR207C	478	3	478
IV	867500	868227	728	*	9.11816	9.12874	Promoter	4	865012	867522	2511	2	YDR207C	0	8	0
IV	883198	883937	740	*	4.35506	4.37311	Promoter	4	882605	883927	1323	2	YDR210C-C	0	3	0
IV	884287	884732	446	*	2.96332	3.05943	Promoter	4	884727	886865	2139	1	YDR211W	0	2	0
IV	893763	894530	768	*	8.28731	8.28731	Promoter	4	894089	894502	414	2	YDR215C	0	7	0
IV	909323	909968	646	*	5.78871	5.78871	Promoter	4	910054	911301	1248	1	YDR222W	-86	5	86
IV	926923	927334	412	*	3.97497	3.97497	Promoter	4	926293	926910	618	2	YDR231C	-13	3	13
IV	930543	930998	456	*	9.78974	9.78974	Promoter	4	931129	933210	2082	1	YDR234W	-131	8	131
IV	954841	956038	1198	*	4.9128	4.9128	Promoter	4	955133	955333	201	1	YDR246W-A	0	4	0
IV	975803	977074	1272	*	7.34906	7.44291	Promoter	4	974631	975782	1152	2	YDR259C	-21	6	21
IV	991508	993577	2070	*	7.11628	7.39407	Promoter	4	991027	992349	1323	2	YDR261C-C	0	6	0
IV	1011273	1011876	604	*	4.73604	4.73604	Promoter	4	1011589	1011960	372	2	YDR274C	84	4	84
IV	1013584	1014195	612	*	3.71893	3.71893	Promoter	4	1013476	1013643	168	2	YDR276C	0	2	0
IV	1015847	1016578	732	*	6.67219	6.67219	Promoter	4	1014401	1015702	1302	2	YDR277C	-145	6	145
IV	1055657	1056380	724	*	4.71368	4.71368	Promoter	4	1056551	1057600	1050	1	YDR297W	-171	4	171
IV	1080183	1080994	812	*	8.2573	8.2573	Promoter	4	1079048	1080199	1152	2	YDR309C	0	7	0
IV	1096052	1096803	752	*	4.35564	4.35564	Promoter	4	1096064	1097386	1323	1	YDR316W-A	0	3	0
IV	1155957	1156978	1022	*	7.05607	7.08643	Promoter	4	1154216	1155928	1713	2	YDR342C	-29	6	29
IV	1161179	1162558	1380	*	13.0274	13.1433	Promoter	4	1159608	1161320	1713	2	YDR343C	0	9	0
IV	1164509	1165838	1330	*	13.9618	13.9621	Promoter	4	1162957	1164660	1704	2	YDR345C	0	9	0
IV	1166238	1166607	370	*	1.99053	2.06037	Distal Intergenic	4	1162957	1164660	1704	2	YDR345C	-1578	1	1578
IV	1182899	1183198	300	*	1	1	Promoter	4	1183299	1184258	960	1	YDR353W	-101	0	101
IV	1195080	1195455	376	*	2.98819	2.98819	Promoter	4	1191936	1194884	2949	2	YDR359C	-196	2	196
IV	1201689	1202168	480	*	4.88001	4.88001	Promoter	4	1202128	1202397	270	1	YDR363W-A	0	4	0
IV	1206803	1207692	890	*	5.63401	5.63401	Promoter	4	1206997	1208319	1323	1	YDR365W-A	0	5	0
IV	1233667	1234118	452	*	3.9381	3.9381	Promoter	4	1234218	1236125	1908	1	YDR380W	-100	3	100
IV	1242244	1242951	708	*	6.36214	6.36214	Promoter	4	1241204	1242031	828	2	YDR384C	-213	6	213
IV	1251649	1252176	528	*	4.81052	4.81052	Promoter	4	1252537	1254501	1965	1	YDR389W	-361	4	361
IV	1267109	1267480	372	*	5.98823	5.98823	Promoter	4	1267471	1269402	1932	1	YDR398W	0	5	0
IV	1278024	1280178	2155	*	7.89499	7.97547	Promoter	4	1279210	1283799	4590	1	YDR406W	0	7	0
IV	1300910	1301649	740	*	4.34389	4.34389	Promoter	4	1301616	1302113	498	1	YDR418W	0	3	0
IV	1345181	1345760	580	*	10.4783	10.4783	Promoter	4	1345647	1346039	393	1	YDR442W	0	8	0
IV	1355695	1356060	366	*	3.98817	3.98817	Promoter	4	1356065	1357369	1305	1	YDR448W	-5	3	5
IV	1359399	1359778	380	*	2.98617	2.98617	Promoter	4	1359923	1360798	876	1	YDR450W	-145	2	145
IV	1362351	1362806	456	*	4.914	4.914	Promoter	4	1362878	1364902	2025	1	YDR452W	-72	4	72
IV	1385706	1386091	386	*	2.98413	2.98413	Promoter	4	1385524	1385766	243	2	YDR461C-A	0	2	0
IV	1401273	1401748	476	*	7.80797	7.80797	Promoter	4	1401770	1402564	795	1	YDR471W	-22	7	22
IV	1420432	1421127	696	*	4.7308	4.7308	Promoter	4	1420431	1420838	408	2	YDR482C	0	4	0
IV	1428952	1429727	776	*	12.1441	12.1441	Promoter	4	1428354	1428980	627	2	YDR487C	0	9	0
IV	1434268	1434735	468	*	4.91058	4.91058	Promoter	4	1431968	1434268	2301	2	YDR490C	0	4	0
IV	1450865	1451218	354	*	1.99192	1.99192	Promoter	4	1450198	1450853	656	2	YDR500C	-12	1	12
IV	1454563	1454938	376	*	2.98606	2.98606	Promoter	4	1453310	1454464	1155	2	YDR502C	-99	2	99
IV	1459336	1460289	954	*	6.10104	6.10104	Promoter	4	1456695	1459220	2526	2	YDR505C	-116	5	116
IV	1461425	1461998	574	*	4.84112	4.84112	Promoter	4	1459728	1461554	1827	2	YDR506C	0	4	0
IV	1468454	1469357	904	*	10.7619	10.7619	Promoter	4	1466453	1468444	1992	2	YDR508C	-10	8	10
IV	1476543	1477182	640	*	3.77196	3.77196	Promoter	4	1477239	1478357	1119	1	YDR517W	-57	2	57
IV	1489723	1491096	1374	*	11.7443	11.7443	Promoter	4	1489871	1489990	120	2	YDR524C-A	0	9	0
IV	1493053	1493602	550	*	4.89637	4.96313	Promoter	4	1492477	1493026	550	2	snR84	-27	4	27
IV	1496575	1496876	302	*	1.99999	1.99999	Promoter	4	1496165	1496548	384	2	YDR529C	-27	1	27
IV	1502119	1502810	692	*	6.46239	6.46239	Promoter	4	1501447	1502160	714	2	YDR533C	0	6	0
IV	1507161	1507718	558	*	3.85445	3.85445	Promoter	4	1506606	1507362	757	2	YDR535C	0	3	0
IV	1524732	1526083	1352	*	14.3366	14.3366	Promoter	4	1524634	1524933	300	2	YDR543C	0	9	0
IV	1528018	1528657	640	*	2.79014	2.79014	Exon (YDR545W_mRNA/YDR545W, exon 1 of 1)	4	1526321	1531711	5391	1	YDR545W	1697	1	1697
IX	1	568	568	*	12.1038	12.1038	Promoter	9	846	1328	483	1	YIL177W-A	-278	9	278
IX	3500	4495	996	*	4.64518	4.64518	Exon (YIL177C_mRNA/YIL177C, exon 2 of 2)	9	483	6147	5665	2	YIL177C	1652	4	1652
IX	6110	7617	1508	*	8.74401	8.8349	Promoter	9	483	6147	5665	2	YIL177C	0	7	0
IX	21558	22535	978	*	9.87988	9.87988	Distal Intergenic	9	19847	21220	1374	1	YIL170W	1711	8	1711
IX	54101	54558	458	*	3.94222	3.94222	Promoter	9	51759	53708	1950	2	YIL155C	-393	3	393
IX	68141	68662	522	*	3.86657	3.86657	Promoter	9	68708	69528	821	1	YIL148W	-46	3	46
IX	99538	99931	394	*	3.98112	3.98112	Promoter	9	98527	99416	890	2	YIL133C	-122	3	122
IX	102243	102728	486	*	6.86577	6.86577	Promoter	9	100781	102235	1455	2	YIL131C	-8	6	8
IX	129814	130313	500	*	4.87324	4.87324	Promoter	9	130610	131665	1056	1	YIL122W	-297	4	297
IX	131807	132106	300	*	1	1	Promoter	9	132244	133872	1629	1	YIL121W	-138	0	138
IX	137936	139929	1994	*	8.3933	8.55551	Promoter	9	139752	140447	696	1	YIL118W	0	7	0
IX	142494	142885	392	*	1.97663	1.97663	Promoter	9	142928	144085	1158	1	YIL116W	-43	0	43
IX	150196	150549	354	*	4.98659	4.98659	Promoter	9	150559	151188	630	1	YIL113W	-10	4	10
IX	165913	166384	472	*	5.90148	5.90148	Promoter	9	166415	167444	1030	1	YIL106W	-31	5	31
IX	174908	175361	454	*	2.95092	2.95092	Promoter	9	175031	175103	73	1	tT(AGU)I1	0	1	0
IX	177323	178016	694	*	8.19306	8.19306	Promoter	9	178004	179653	1650	1	YIL099W	0	7	0
IX	197479	197932	454	*	2.95191	2.95191	Promoter	9	197592	197663	72	1	tE(CUC)I	0	2	0
IX	207316	207679	364	*	1.989	1.989	Exon (YIL082W-A/YIL082W-A, exon 1 of 1)	9	205635	210132	4498	1	YIL082W-A	1681	1	1681
IX	222630	222977	348	*	2.99445	2.99445	Promoter	9	221081	222490	1410	2	YIL074C	-140	2	140
IX	232443	232766	324	*	3.99741	3.99741	Promoter	9	231553	232369	817	2	YIL069C	-74	3	74
IX	248654	249797	1144	*	10.6565	10.6565	Promoter	9	248850	248931	82	1	tS(UGA)I	0	8	0
IX	253848	254967	1120	*	11.6102	11.6102	Promoter	9	254543	254860	318	1	YIL054W	0	8	0
IX	257057	257712	656	*	5.66655	5.66993	Promoter	9	256226	257063	838	2	YIL052C	0	5	0
IX	258157	258546	390	*	0.988813	1.03863	Promoter	9	257843	258280	438	2	YIL051C	0	0	0
IX	267766	268665	900	*	12.0275	12.0275	Promoter	9	268651	270573	1923	1	YIL046W	0	9	0
IX	316207	316770	564	*	1.81548	1.81548	Promoter	9	316768	317932	1165	1	YIL018W	0	0	0
IX	325625	325924	300	*	1	1	Promoter	9	325748	325820	73	1	tT(AGU)I2	0	0	0
IX	332340	333635	1296	*	8.06531	8.06531	Promoter	9	333011	333352	342	1	YIL012W	0	7	0
IX	381950	382645	696	*	8.30772	8.30773	Promoter	9	382628	383425	798	1	YIR016W	0	7	0
IX	383411	384688	1278	*	10.3052	10.3052	Promoter	9	383556	384119	564	2	YIR017C	0	8	0
IX	386495	387072	578	*	8.54463	8.54463	Distal Intergenic	9	385564	385701	138	2	YIR018C-A	-794	7	794
IX	387840	389409	1570	*	5.93246	5.93246	Distal Intergenic	9	385564	385701	138	2	YIR018C-A	-2139	5	2139
IX	415760	416075	316	*	1.99937	1.99937	Promoter	9	416124	419465	3342	1	YIR033W	-49	1	49
IX	439180	440189	1010	*	12.7783	12.7783	Distal Intergenic	9	435273	435983	711	2	YIR042C	-3197	9	3197
Mito	469	1126	658	*	13.3134	13.3134	Promoter	17	731	802	72	1	tP(UGG)Q	0	9	0
Mito	2147	3170	1024	*	13.8119	13.8119	Distal Intergenic	17	3952	4338	387	1	Q0010	-782	9	782
Mito	4013	4456	444	*	5.92607	5.97578	Promoter	17	4254	4415	162	1	Q0017	0	5	0
Mito	4905	5414	510	*	4.91301	5.03514	Distal Intergenic	17	4254	4415	162	1	Q0017	651	4	651
Mito	5640	8065	2426	*	18.7171	18.9831	Promoter	17	6546	8194	1649	1	Q0020	0	9	0
Mito	13697	14612	916	*	3.93354	3.93357	Promoter	17	13818	26701	12884	1	Q0045	0	3	0
Mito	15020	17062	2043	*	7.67742	7.74513	Exon (Q0050_mRNA/Q0050, exon 1 of 1)	17	13818	23167	9350	1	Q0070	1202	7	1202
Mito	17997	18450	454	*	5.92577	5.96988	Exon (Q0055_mRNA/Q0055, exon 2 of 2)	17	13818	23167	9350	1	Q0070	4179	5	4179
Mito	19951	21350	1400	*	10.469	10.469	Exon (Q0060_mRNA/Q0060, exon 3 of 3)	17	24156	25255	1100	1	Q0075	-2806	8	2806
Mito	23486	23905	420	*	1.96168	1.96312	Promoter	17	24156	25255	1100	1	Q0075	-251	0	251
Mito	25843	26866	1024	*	7.31464	7.38747	Exon (Q0045_mRNA/Q0045, exon 8 of 8)	17	27666	27812	147	1	Q0080	-800	6	800
Mito	28550	29273	724	*	5.37601	5.37601	Promoter	17	28487	29266	780	1	Q0085	63	4	63
Mito	30700	31909	1210	*	14.1966	14.1966	Promoter	17	30874	31014	141	1	Q0092	0	9	0
Mito	32865	33472	608	*	18.2804	18.3096	Distal Intergenic	17	35373	35444	72	1	tE(UUC)Q	-1901	9	1901
Mito	33974	34499	526	*	12.7055	12.7536	Distal Intergenic	17	35373	35444	72	1	tE(UUC)Q	-874	9	874
Mito	36352	37179	828	*	3.87405	3.91064	Promoter	17	36540	43647	7108	1	Q0105	0	3	0
Mito	37489	38004	516	*	6.86551	6.97129	Exon (Q0110_mRNA/Q0110, exon 2 of 2)	17	36540	42251	5712	1	Q0120	949	6	949
Mito	39696	45175	5480	*	19.5241	19.5329	Exon (Q0115_mRNA/Q0115, exon 3 of 3)	17	46723	46953	231	1	Q0130	-1548	9	1548
Mito	46532	47197	666	*	12.8877	12.8939	Promoter	17	46723	46953	231	1	Q0130	0	9	0
Mito	47757	48490	734	*	17.5069	17.512	Promoter	17	48201	48290	90	1	tS(UGA)Q2	0	9	0
Mito	50158	51191	1034	*	23.1066	23.1066	Promoter	17	51052	51228	177	1	Q0142	0	9	0
Mito	53410	54053	644	*	12.969	12.969	Promoter	17	54109	54438	330	1	Q0144	-56	9	56
Mito	55199	55708	510	*	7.84404	7.84405	Distal Intergenic	17	54109	54438	330	1	Q0144	1090	7	1090
Mito	58428	59009	582	*	6.74203	6.82997	Exon (Q0158_rRNA/Q0158, exon 1 of 2)	17	58009	62447	4439	1	Q0158	419	6	419
Mito	59343	60300	958	*	9.0976	9.30366	Exon (Q0158_rRNA/Q0158, exon 1 of 2)	17	61022	61729	708	1	Q0160	-722	8	722
Mito	60399	61556	1158	*	9.75376	9.82375	Promoter	17	61022	61729	708	1	Q0160	0	8	0
Mito	61670	62887	1218	*	8.4293	8.45791	Exon (Q0158_rRNA/Q0158, exon 2 of 2)	17	61022	61729	708	1	Q0160	648	7	648
Mito	64342	64763	422	*	5.94607	5.95182	Promoter	17	64415	64490	76	1	tC(GCA)Q	0	5	0
Mito	65503	66142	640	*	14.803	14.8218	Promoter	17	65770	66174	405	1	Q0182	0	9	0
Mito	66663	68848	2186	*	18.9015	18.9649	Promoter	17	68322	68396	75	1	tD(GUC)Q	0	9	0
Mito	70298	70753	456	*	4.93528	4.93528	Promoter	17	70824	70907	84	1	tY(GUA)Q	-71	4	71
Mito	72557	73338	782	*	17.3944	17.4226	Promoter	17	72630	72705	76	1	tM(CAU)Q1	0	9	0
Mito	73638	74807	1170	*	11.3031	11.3151	Promoter	17	73758	74513	756	1	Q0250	0	8	0
Mito	75718	76151	434	*	3.96944	4.10998	Exon (Q0255_mRNA/Q0255, exon 2 of 3)	17	74495	75984	1490	1	Q0255	1223	3	1223
Mito	76534	77059	526	*	7.81229	7.86139	Promoter	17	77431	77505	75	1	tF(GAA)Q	-372	7	372
Mito	78613	80694	2082	*	6.29447	6.55319	Promoter	17	79213	80022	810	1	Q0275	0	6	0
Mito	81119	81642	524	*	10.8074	10.8077	Distal Intergenic	17	79213	80022	810	1	Q0275	1906	8	1906
Mito	82598	83575	978	*	17.1574	17.1638	Distal Intergenic	17	85035	85112	78	1	tM(CAU)Q2	-1460	9	1460
Mito	83979	84796	818	*	15.7065	15.7278	Promoter	17	85035	85112	78	1	tM(CAU)Q2	-239	9	239
Mito	85370	85893	524	*	13.5306	13.537	Promoter	17	85554	85709	156	1	Q0297	0	9	0
V	1	245	245	*	3.99145	3.99145	Promoter	5	630	1112	483	1	YEL077W-A	-385	3	385
V	3729	4030	302	*	1.99999	1.99999	Promoter	5	264	4097	3834	2	YEL077C	67	1	67
V	6040	6603	564	*	6.81693	6.81693	Promoter	5	6126	6464	339	1	YEL074W	0	6	0
V	13288	13631	344	*	1.99463	1.99463	Promoter	5	13720	14415	696	1	YEL072W	-89	1	89
V	15889	16318	430	*	2.9651	2.9651	Promoter	5	16355	17845	1491	1	YEL071W	-37	2	37
V	33645	33978	334	*	3.99786	3.99786	Promoter	5	31694	33466	1773	2	YEL063C	-179	3	179
V	41659	42994	1336	*	4.1854	4.1854	Promoter	5	42400	42624	225	2	YEL059C-A	0	3	0
V	53255	53928	674	*	5.49986	5.49986	Promoter	5	52721	53218	498	2	YEL054C	-37	5	37
V	68827	69434	608	*	9.7477	9.7477	Promoter	5	68840	69265	426	2	YEL045C	0	8	0
V	80105	80512	408	*	5.9635	5.9635	Promoter	5	80462	81145	684	1	YEL038W	0	5	0
V	84610	85745	1136	*	10.2087	10.2089	Promoter	5	85676	86149	474	1	YEL034W	0	8	0
V	86315	86962	648	*	5.59364	5.59901	Promoter	5	86937	89852	2916	1	YEL032W	0	5	0
V	99990	100387	398	*	2.98018	2.98018	Promoter	5	100133	100204	72	1	tM(CAU)E	0	2	0
V	106798	107229	432	*	5.94143	5.94143	Promoter	5	107260	107907	648	1	YEL024W	-31	5	31
V	117541	118334	794	*	3.10102	3.10102	Promoter	5	117667	118035	369	2	RPR1	0	2	0
V	123041	123768	728	*	8.12865	8.12865	Promoter	5	123657	124670	1014	1	YEL017W	0	7	0
V	130722	131713	992	*	3.80858	3.80858	Promoter	5	131082	131153	72	2	tQ(UUG)E2	0	3	0
V	140114	141543	1430	*	13.8293	13.9151	Promoter	5	140726	140818	93	2	YEL008C-A	0	9	0
V	152390	153535	1146	*	12.2674	12.2674	Promoter	5	153520	155808	2289	1	YER001W	0	9	0
V	174581	174896	316	*	2.99947	2.99947	Promoter	5	175248	176012	765	1	YER011W	-352	2	352
V	191846	192379	534	*	4.78734	4.78734	Promoter	5	189503	191788	2286	2	YER017C	-58	4	58
V	194507	195084	578	*	3.84334	3.84334	Promoter	5	194273	194539	267	2	YER019C-A	0	3	0
V	211962	212441	480	*	3.92374	3.92374	Promoter	5	210692	211876	1185	2	YER028C	-86	3	86
V	221131	223140	2010	*	7.72401	8.02423	Promoter	5	218057	221287	3231	2	YER033C	0	7	0
V	225191	225842	652	*	10.4404	10.4404	Promoter	5	223367	225199	1833	2	YER036C	0	8	0
V	242103	242842	740	*	7.28357	7.28357	Promoter	5	243180	243611	432	1	YER046W	-338	6	338
V	259963	260522	560	*	7.76816	7.76966	Promoter	5	258737	259639	903	2	YER053C	-324	7	324
V	261177	261988	812	*	5.25737	5.258	Promoter	5	260933	261046	114	2	YER053C-A	-131	4	131
V	265815	266462	648	*	7.66554	7.66554	Promoter	5	264892	265785	894	2	YER055C	-30	7	30
V	267982	269035	1054	*	7.88666	7.88666	Promoter	5	266512	268113	1602	2	YER056C	0	7	0
V	270188	270641	454	*	1.9352	1.9352	Promoter	5	269423	270185	763	2	YER056C-A	-3	0	3
V	280418	281647	1230	*	7.2773	7.2773	Promoter	5	279930	280682	753	2	YER062C	0	6	0
V	284212	284917	706	*	6.45914	6.45914	Promoter	5	282705	284222	1518	2	YER064C	0	6	0
V	294947	295414	468	*	5.90039	5.90039	Promoter	5	295410	298001	2592	1	YER069W	0	5	0
V	303212	303895	684	*	3.71855	3.71855	Promoter	5	304030	305592	1563	1	YER073W	-135	2	135
V	305820	306317	498	*	7.83411	7.83411	Promoter	5	306323	307196	874	1	YER074W	-6	7	6
V	311386	311965	580	*	4.74214	4.74214	Promoter	5	312023	312095	73	2	tA(UGC)E	130	4	130
V	335298	336157	860	*	6.17077	6.17077	Promoter	5	335696	336019	324	2	YER088C-A	0	5	0
V	341971	343540	1570	*	8.74168	8.74168	Promoter	5	339864	342167	2304	2	YER091C	0	7	0
V	349376	350139	764	*	9.03665	9.03665	Promoter	5	349980	351182	1203	1	YER095W	0	8	0
V	354810	355245	436	*	2.95717	2.95717	Promoter	5	355140	355469	330	1	YER097W	0	2	0
V	362205	362782	578	*	4.68948	4.68948	Promoter	5	363100	363702	603	1	YER102W	-318	4	318
V	386788	387155	368	*	2.99038	2.99038	Promoter	5	387232	387795	564	1	YER112W	-77	2	77
V	396208	396645	438	*	2.96068	2.96068	Promoter	5	395348	396172	825	2	YER116C	-36	2	36
V	400730	401143	414	*	2.97278	2.97278	Promoter	5	399496	400842	1347	2	YER119C	0	2	0
V	422593	423846	1254	*	5.51154	5.51154	Promoter	5	423952	424311	360	1	YER131W	-106	5	106
V	431183	431482	300	*	1	1	Promoter	5	431129	431220	92	2	snR52	0	0	0
V	435597	435974	378	*	1.9836	1.9836	Promoter	5	435752	435824	73	2	tK(CUU)E2	0	1	0
V	441906	442807	902	*	6.76241	6.76241	Promoter	5	441987	442508	522	1	SCR1	0	6	0
V	448327	449216	890	*	5.6322	5.6322	Promoter	5	447702	449024	1323	2	YER137C-A	0	5	0
V	461406	462927	1522	*	9.33335	9.33335	Promoter	5	460526	461740	1215	2	YER145C	0	8	0
V	467861	468286	426	*	3.96273	3.96273	Promoter	5	468370	468816	447	1	YER150W	-84	3	84
V	474012	475147	1136	*	5.30292	5.30292	Promoter	5	474041	474805	765	2	YER153C	0	4	0
V	490717	493028	2312	*	5.2006	5.21474	Promoter	5	491487	491702	216	1	YER158W-A	0	4	0
V	497495	498134	640	*	3.57113	3.57113	Promoter	5	496802	498124	1323	2	YER159C-A	0	2	0
V	522651	523202	552	*	10.7862	10.7862	Promoter	5	521029	522669	1641	2	YER168C	0	8	0
V	544619	545826	1208	*	19.6738	19.737	Promoter	5	545611	546414	804	1	YER177W	0	9	0
V	546507	546810	304	*	0.999978	1.00121	Promoter	5	546817	548079	1263	1	YER178W	-7	0	7
V	551168	551547	380	*	1.98274	1.98274	Promoter	5	551285	551358	74	2	tI(AAU)E2	0	1	0
V	569617	570936	1320	*	12.8658	12.8658	Promoter	5	569608	569907	300	2	YER188C-A	0	9	0
V	572835	573474	640	*	2.79014	2.79014	Exon (YER190W_mRNA/YER190W, exon 1 of 1)	5	571480	576525	5046	1	YER190W	1355	1	1355
V	576509	577014	506	*	5.89301	5.89301	Promoter	5	575680	576162	483	2	YER190C-B	-347	5	347
VI	2674	2973	300	*	1	1	Promoter	6	1437	2615	1179	2	YFL066C	-59	0	59
VI	4109	5416	1308	*	14.7177	14.7177	Promoter	6	5066	5521	456	1	YFL063W	0	9	0
VI	15288	16247	960	*	7.63521	7.63521	Promoter	6	14305	15431	1127	2	YFL056C	0	7	0
VI	30918	31541	624	*	5.79346	5.79346	Promoter	6	30058	30540	483	2	YFL051C	-378	5	378
VI	54926	55273	348	*	1.99387	1.99387	Promoter	6	53260	54696	1437	2	YFL039C	-230	1	230
VI	74558	75153	596	*	7.63776	7.63776	Promoter	6	74872	75192	321	1	YFL032W	0	7	0
VI	82113	82552	440	*	2.95994	2.95994	Promoter	6	82580	83875	1296	1	YFL026W	-28	2	28
VI	90222	91185	964	*	11.2385	11.2385	Promoter	6	90986	93376	2391	1	YFL023W	0	8	0
VI	94684	96185	1502	*	11.3941	11.3941	Promoter	6	95966	97498	1533	1	YFL021W	0	8	0
VI	103096	103677	582	*	12.62	12.62	Promoter	6	101628	103127	1500	2	YFL018C	0	9	0
VI	106168	106915	748	*	8.95492	8.95492	Promoter	6	106415	106732	318	1	YFL015W-A	0	8	0
VI	138378	138677	300	*	1	1	Promoter	6	138204	139520	1317	1	YFL002W-B	174	0	174
VI	155804	156143	340	*	1.99556	1.99556	Promoter	6	154527	155873	1347	2	YFR005C	0	1	0
VI	157870	158177	308	*	1.99982	1.99982	Promoter	6	157916	158007	92	2	tF(GAA)F	0	1	0
VI	176574	177005	432	*	3.95188	3.95188	Promoter	6	174265	176391	2127	2	YFR015C	-183	3	183
VI	182450	183957	1508	*	17.1861	17.2321	Promoter	6	182274	182861	588	2	YFR017C	0	9	0
VI	191355	191708	354	*	1.99221	1.99221	Promoter	6	191513	191613	101	2	tS(GCU)F	0	1	0
VI	204753	205088	336	*	2.99713	2.99713	Promoter	6	204924	204996	73	2	tA(AGC)F	0	2	0
VI	210517	210916	400	*	2.97447	2.97447	Promoter	6	210619	210707	89	2	tY(GUA)F2	0	2	0
VI	212891	213248	358	*	3.99175	3.99175	Promoter	6	213312	216419	3108	1	YFR030W	-64	3	64
VI	221484	222163	680	*	2.74165	2.74165	Promoter	6	221714	221967	254	1	RUF23	0	1	0
VI	223802	224249	448	*	4.94552	5.05052	Promoter	6	223710	223973	264	2	YFR032C-B	0	4	0
VI	224457	226898	2442	*	12.8062	12.8601	Promoter	6	224326	224769	444	2	YFR033C	0	9	0
VI	255265	256362	1098	*	15.6404	15.6404	Promoter	6	253592	255049	1458	2	YFR053C	-216	9	216
VI	263074	263487	414	*	1.96422	1.96422	Distal Intergenic	6	264204	265226	1023	1	YFR055W	-717	0	717
VI	269844	270323	480	*	5.90698	5.90698	Distal Intergenic	6	269061	269516	456	1	YFR057W	783	5	783
VII	20355	20812	458	*	3.94476	3.94476	Promoter	7	20978	22108	1131	1	YGL255W	-166	3	166
VII	23267	23912	646	*	10.4491	10.4491	Promoter	7	23935	25395	1461	1	YGL253W	-23	8	23
VII	35226	35525	300	*	1	1	Promoter	7	35653	36762	1110	1	YGL248W	-128	0	128
VII	56070	56473	404	*	3.97436	3.97436	Promoter	7	56482	58890	2409	1	YGL234W	-9	3	9
VII	67226	67601	376	*	2.98667	2.98667	Promoter	7	67598	69331	1734	1	YGL228W	0	2	0
VII	74349	74750	402	*	1.97186	1.97186	Distal Intergenic	7	73829	73902	74	2	tV(AAC)G3	-447	0	447
VII	94310	95683	1374	*	5.97867	6.0764	Promoter	7	95858	97006	1149	1	YGL209W	-175	5	175
VII	115508	115975	468	*	4.88555	4.88555	Promoter	7	115488	115583	96	1	tK(UUU)G1	20	4	20
VII	122201	122500	300	*	1	1	Promoter	7	122269	122341	73	1	tK(CUU)G1	0	0	0
VII	124232	124531	300	*	1	1	Promoter	7	124698	129161	4464	1	YGL197W	-167	0	167
VII	144393	144822	430	*	3.9636	3.9636	Promoter	7	144808	145197	390	1	YGL191W	0	3	0
VII	148995	149600	606	*	4.83571	4.83571	Promoter	7	149343	149516	174	2	YGL188C	0	4	0
VII	152883	153182	300	*	1	1	Promoter	7	151037	152776	1740	2	YGL186C	-107	0	107
VII	156093	156710	618	*	5.79042	5.79042	Promoter	7	154615	156012	1398	2	YGL184C	-81	5	81
VII	159152	159451	300	*	1	1	Downstream (<=300bp)	7	160065	162758	2694	1	YGL180W	-614	0	614
VII	165836	166839	1004	*	4.62714	4.62714	Distal Intergenic	7	167352	170571	3220	1	YGL178W	-513	4	513
VII	190815	191226	412	*	4.95515	4.95515	Promoter	7	191129	191806	678	1	YGL166W	0	4	0
VII	196906	197803	898	*	10.1675	10.1675	Promoter	7	198138	199037	900	1	YGL162W	-335	8	335
VII	205478	205875	398	*	1.98035	2.07778	Promoter	7	205521	205634	114	1	tL(CAA)G1	0	1	0
VII	206303	206808	506	*	5.83253	5.85063	Promoter	7	207033	208571	1539	1	YGL158W	-225	5	225
VII	229736	230209	474	*	2.93186	2.93186	Promoter	7	230243	232348	2106	1	YGL145W	-34	1	34
VII	254156	254581	426	*	4.9688	4.9688	Promoter	7	254641	255294	654	1	YGL135W	-60	4	60
VII	271094	272351	1258	*	11.6581	11.6581	Promoter	7	270997	272139	1143	1	YGL126W	97	9	97
VII	276963	277514	552	*	5.72938	5.72938	Promoter	7	277617	278381	765	1	YGL123W	-103	5	103
VII	287250	287549	300	*	1	1	Promoter	7	287350	287455	106	2	tW(CCA)G1	0	0	0
VII	310484	310949	466	*	3.89069	3.89069	Promoter	7	310967	311927	961	1	YGL103W	-18	3	18
VII	319706	320013	308	*	1.99986	1.99986	Promoter	7	319781	319852	72	1	tH(GUG)G2	0	1	0
VII	323176	325129	1954	*	4.06576	4.0798	Promoter	7	325331	326161	831	1	YGL096W	-202	3	202
VII	371126	371557	432	*	4.94516	4.94516	Promoter	7	371003	371362	360	2	YGL072C	0	4	0
VII	384435	385142	708	*	8.43995	8.43995	Promoter	7	384502	384651	150	2	YGL063C-A	0	7	0
VII	397500	398509	1010	*	7.09408	7.09408	Promoter	7	396035	397618	1584	2	YGL056C	0	6	0
VII	401288	401707	420	*	3.97301	3.97301	Promoter	7	401527	401598	72	2	tE(UUC)G2	0	3	0
VII	412875	413736	862	*	4.42604	4.42604	Promoter	7	414102	415730	1629	1	YGL045W	-366	3	366
VII	423049	423402	354	*	1.99192	1.99192	Promoter	7	423092	423205	114	1	tL(CAA)G2	0	1	0
VII	427884	428663	780	*	13.4778	13.4778	Promoter	7	428601	431330	2730	1	YGL036W	0	9	0
VII	433025	434178	1154	*	13.9668	13.9668	Promoter	7	433214	433579	366	2	YGL034C	0	9	0
VII	438549	438982	434	*	2.95285	2.95285	Promoter	7	439091	439638	548	1	YGL030W	-109	2	109
VII	440538	440839	302	*	1.99999	1.99999	Promoter	7	440716	440807	92	2	tF(GAA)G	0	1	0
VII	472355	472922	568	*	4.83808	4.83808	Promoter	7	472855	474276	1422	1	YGL012W	0	4	0
VII	482815	484308	1494	*	17.2718	17.5124	Promoter	7	482941	483027	87	2	YGL007C-A	0	9	0
VII	508508	508807	300	*	1	1	Promoter	7	508110	508364	255	2	YGR008C	-144	0	144
VII	516210	516627	418	*	2.97135	2.97135	Promoter	7	516943	520863	3921	1	YGR014W	-316	2	316
VII	528147	529102	956	*	3.17989	3.17989	Promoter	7	529264	530919	1656	1	YGR023W	-162	2	162
VII	535863	536752	890	*	5.63401	5.63401	Promoter	7	536057	537379	1323	1	YGR027W-A	0	5	0
VII	544404	544751	348	*	3.99557	3.99557	Promoter	7	544577	544648	72	2	tD(GUC)G2	0	3	0
VII	547137	547992	856	*	3.58162	3.58162	Promoter	7	546809	547300	492	2	YGR031C-A	0	2	0
VII	555344	555723	380	*	3.98711	3.98711	Promoter	7	555812	556672	861	1	YGR034W	-89	3	89
VII	557585	558022	438	*	3.95177	3.95177	Promoter	7	557565	557786	222	1	YGR035W-A	20	3	20
VII	559969	560268	300	*	1	1	Promoter	7	559731	559994	264	2	YGR037C	0	0	0
VII	566726	567477	752	*	4.35564	4.35564	Promoter	7	566145	567467	1323	2	YGR038C-A	0	3	0
VII	576505	576916	412	*	3.9591	3.9591	Downstream (<=300bp)	7	577487	579130	1644	1	YGR041W	-571	3	571
VII	581585	582106	522	*	4.88527	4.88527	Promoter	7	580435	581436	1002	2	YGR043C	-149	4	149
VII	583744	584857	1114	*	5.21841	5.21841	Promoter	7	582990	583892	903	2	YGR044C	0	4	0
VII	591681	592956	1276	*	8.04022	8.18741	Promoter	7	592086	592442	357	2	YGR050C	0	7	0
VII	598712	599333	622	*	5.71305	5.71305	Promoter	7	599417	601141	1725	1	YGR055W	-84	5	84
VII	609130	610443	1314	*	9.28005	9.28005	Promoter	7	609584	609696	113	1	snR48	0	8	0
VII	624986	625751	766	*	7.26621	7.26621	Promoter	7	622372	624786	2415	2	YGR067C	-200	6	200
VII	640355	640802	448	*	5.93272	5.93272	Promoter	7	639772	640371	600	2	YGR078C	0	5	0
VII	650759	651298	540	*	6.77857	6.77857	Promoter	7	649598	650617	1020	2	YGR086C	-142	6	142
VII	653961	654452	492	*	2.92329	2.92329	Promoter	7	654634	656322	1689	1	YGR088W	-182	1	182
VII	661851	662150	300	*	1	1	Promoter	7	661749	661820	72	1	tT(UGU)G1	102	0	102
VII	677505	678240	736	*	10.049	10.049	Exon (YGR096W_mRNA/YGR096W, exon 1 of 1)	7	678695	682135	3441	1	YGR097W	-455	8	455
VII	700689	701212	524	*	2.88284	2.88284	Promoter	7	700953	701048	96	2	tK(UUU)G2	0	1	0
VII	702667	703228	562	*	2.86813	2.86813	Promoter	7	702667	703116	450	1	YGR107W	0	1	0
VII	726442	726775	334	*	2.99679	2.99679	Promoter	7	725049	726479	1431	2	YGR117C	0	2	0
VII	732968	733515	548	*	2.86978	2.86978	Promoter	7	733412	733627	216	1	YGR121W-A	0	1	0
VII	738970	739863	894	*	5.45078	5.45078	Promoter	7	739122	739195	74	1	tI(AAU)G	0	4	0
VII	753867	754282	416	*	4.96939	4.96939	Promoter	7	751394	753844	2451	2	YGR130C	-23	4	23
VII	765819	767132	1314	*	13.5648	13.5648	Promoter	7	765726	766064	339	1	YGR139W	93	9	93
VII	771906	772375	470	*	8.78126	8.78126	Promoter	7	772454	773686	1233	1	YGR142W	-79	7	79
VII	774026	774983	958	*	11.1486	11.1486	Promoter	7	774349	774421	73	1	tA(AGC)G	0	8	0
VII	779294	780177	884	*	4.17634	4.17634	Promoter	7	779616	779687	72	1	tG(UCC)G	0	3	0
VII	785157	786178	1022	*	7.89327	7.89327	Promoter	7	785276	785437	162	2	YGR146C-A	0	7	0
VII	788252	788703	452	*	2.9427	2.9427	Promoter	7	789031	790329	1299	1	YGR149W	-328	1	328
VII	797949	798538	590	*	10.2567	10.2567	Promoter	7	798543	800066	1524	1	YGR155W	-5	8	5
VII	809501	810384	884	*	9.65159	9.65159	Promoter	7	810227	810505	279	1	YGR161W-C	0	8	0
VII	811912	812211	300	*	1	1	Promoter	7	811738	817051	5314	1	YGR161W-B	174	0	174
VII	822282	823025	744	*	4.3554	4.36546	Promoter	7	821693	823015	1323	2	YGR161C-C	0	3	0
VII	823539	824014	476	*	8.82079	8.83862	Promoter	7	824059	826917	2859	1	YGR162W	-45	7	45
VII	848689	848988	300	*	1	1	Promoter	7	848720	849067	348	1	YGR176W	0	0	0
VII	856538	857989	1452	*	6.20392	6.20392	Promoter	7	857378	857491	114	2	tL(CAA)G3	0	5	0
VII	859541	859840	300	*	1	1	Promoter	7	859063	859476	414	2	YGR183C	-65	0	65
VII	878320	879011	692	*	7.58721	7.58721	Promoter	7	878710	878815	106	2	tW(CCA)G2	0	7	0
VII	883554	885009	1456	*	7.80805	7.9593	Promoter	7	882812	883810	999	2	YGR192C	0	7	0
VII	894340	894707	368	*	2.99055	2.99055	Promoter	7	894693	897146	2454	1	YGR198W	0	2	0
VII	904920	906245	1326	*	6.87578	6.87578	Promoter	7	905237	905683	447	1	YGR203W	0	6	0
VII	913233	913574	342	*	2.99533	2.99533	Promoter	7	912913	913227	315	2	YGR209C	-6	2	6
VII	914784	915271	488	*	5.87506	5.87506	Promoter	7	915241	916701	1461	1	YGR211W	0	5	0
VII	919838	920275	438	*	5.94661	5.94661	Promoter	7	920575	921788	1214	1	YGR214W	-300	5	300
VII	951261	951680	420	*	4.94104	4.94104	Promoter	7	951894	952307	414	1	YGR230W	-214	4	214
VII	959095	959948	854	*	3.50335	3.50866	Promoter	7	959904	961103	1200	1	YGR234W	0	2	0
VII	974286	974805	520	*	3.91343	3.91343	Promoter	7	974577	974777	201	2	YGR240C-A	0	3	0
VII	976684	977305	622	*	10.4903	10.4903	Promoter	7	977336	977776	441	1	YGR243W	-31	8	31
VII	986808	987785	978	*	7.93456	7.93456	Promoter	7	988049	989419	1371	1	YGR249W	-264	7	264
VII	989740	990409	670	*	5.3166	5.3166	Distal Intergenic	7	988049	989419	1371	1	YGR249W	1691	4	1691
VII	993698	994401	704	*	9.82677	9.82677	Promoter	7	991176	993521	2346	2	YGR250C	-177	8	177
VII	999808	1000883	1076	*	13.7985	13.7985	Promoter	7	1000927	1002240	1314	1	YGR254W	-44	9	44
VII	1004051	1004350	300	*	1	1	Promoter	7	1004216	1004287	72	1	tT(UGU)G2	0	0	0
VII	1011167	1011504	338	*	3.99727	3.99727	Distal Intergenic	7	1007671	1010766	3096	2	YGR258C	-401	3	401
VII	1026628	1027397	770	*	6.99503	7.00808	Promoter	7	1026057	1026653	597	2	YGR268C	0	6	0
VII	1050028	1050733	706	*	7.52949	7.52949	Promoter	7	1048798	1049958	1161	2	YGR279C	-70	6	70
VII	1051935	1052820	886	*	4.51181	4.51181	Promoter	7	1052824	1057257	4434	1	YGR281W	-4	4	4
VII	1069285	1069584	300	*	1	1	Promoter	7	1067222	1068991	1770	2	YGR287C	-294	0	294
VII	1083740	1084891	1152	*	13.9608	13.9608	Promoter	7	1084864	1090591	5728	1	YGR296W	0	9	0
VII	1086901	1087540	640	*	2.79014	2.79014	Exon (YGR296W_mRNA/YGR296W, exon 2 of 2)	7	1088870	1089445	576	2	YGR296C-A	1905	1	1905
VII	1090575	1091080	506	*	5.89301	5.89301	Promoter	7	1089746	1090228	483	2	YGR296C-B	-347	5	347
VIII	1	411	411	*	9.50082	9.50082	Promoter	8	811	1293	483	1	YHL050W-A	-400	8	400
VIII	3370	3669	300	*	1	1.00003	Promoter	8	445	3311	2867	2	YHL050C	-59	0	59
VIII	4772	5391	620	*	5.61331	5.61331	Promoter	8	3726	4541	816	2	YHL049C	-231	5	231
VIII	17289	18040	752	*	5.57823	5.57823	Promoter	8	17392	17841	450	1	YHL041W	0	5	0
VIII	47961	48920	960	*	8.30671	8.30671	Promoter	8	48763	50580	1818	1	YHL028W	0	7	0
VIII	50550	51113	564	*	3.86122	3.86122	Promoter	8	51111	52988	1878	1	YHL027W	0	3	0
VIII	55249	56468	1220	*	12.2215	12.2222	Promoter	8	56649	58790	2142	1	YHL024W	-181	9	181
VIII	97682	99135	1454	*	11.155	11.155	Promoter	8	98343	98795	453	2	YHL006C	0	8	0
VIII	101957	102256	300	*	1	1	Promoter	8	100648	101883	1236	2	YHL003C	-74	0	74
VIII	115058	115709	652	*	1.84097	2.03701	Promoter	8	113499	114917	1419	2	YHR005C	-141	1	141
VIII	115832	116301	470	*	2.95366	3.05284	Promoter	8	115620	115901	282	2	YHR005C-A	0	2	0
VIII	121827	123246	1420	*	11.4749	11.4754	Promoter	8	122550	122765	216	2	YHR007C-A	0	8	0
VIII	123600	124029	430	*	2.96349	2.96826	Promoter	8	122889	123590	702	2	YHR008C	-10	2	10
VIII	125869	126562	694	*	2.72415	2.72415	Promoter	8	126521	127492	972	1	YHR010W	0	1	0
VIII	143549	143966	418	*	6.96164	6.96164	Promoter	8	141894	143558	1665	2	YHR019C	0	6	0
VIII	146107	146406	300	*	1	1	Promoter	8	146242	146314	73	2	tA(AGC)H	0	0	0
VIII	148775	149284	510	*	7.8316	7.8316	Promoter	8	149225	149680	456	1	YHR021W-A	0	7	0
VIII	150736	151675	940	*	8.57105	8.57105	Promoter	8	151217	151306	90	2	YHR022C-A	0	7	0
VIII	175037	175528	492	*	11.7799	11.7799	Promoter	8	175275	175394	120	2	YHR032C-A	0	9	0
VIII	190055	190582	528	*	3.85866	3.85866	Promoter	8	190543	192618	2076	1	YHR042W	0	3	0
VIII	209209	209640	432	*	6.94943	6.94943	Promoter	8	209475	209645	171	1	YHR050W-A	0	6	0
VIII	212643	213334	692	*	6.6879	6.6879	Promoter	8	212535	212720	186	2	YHR053C	0	6	0
VIII	214641	215332	692	*	6.6879	6.6879	Promoter	8	214533	214718	186	2	YHR055C	0	6	0
VIII	236026	236715	690	*	7.31999	7.31999	Promoter	8	236102	236512	411	2	YHR070C-A	0	6	0
VIII	266927	267558	632	*	4.57441	4.57441	Promoter	8	267538	268092	555	1	YHR081W	0	4	0
VIII	272248	272625	378	*	3.98575	3.98575	Promoter	8	272627	273616	990	1	YHR083W	-2	3	2
VIII	280169	280670	502	*	1.89086	1.89086	Promoter	8	280231	280392	162	1	YHR086W-A	0	0	0
VIII	288898	289889	992	*	12.4717	12.7262	Promoter	8	289142	289690	549	1	YHR093W	0	9	0
VIII	293147	293854	708	*	8.31611	8.31611	Promoter	8	292943	293437	495	1	YHR095W	204	7	204
VIII	296802	297139	338	*	1.9962	1.9962	Promoter	8	294669	296447	1779	2	YHR096C	-355	1	355
VIII	341480	341779	300	*	1	1	Promoter	8	341665	342120	456	1	YHR116W	0	0	0
VIII	374904	375795	892	*	18.4493	18.4493	Promoter	8	374654	375100	447	2	YHR136C	0	9	0
VIII	379646	380039	394	*	4.98168	4.98168	Promoter	8	380108	380419	312	2	YHR139C-A	380	4	380
VIII	382766	383315	550	*	7.81748	7.81748	Promoter	8	381990	382751	762	2	YHR141C	-15	7	15
VIII	388660	389095	436	*	2.95071	2.95071	Promoter	8	387788	388726	939	2	YHR144C	0	1	0
VIII	422405	423100	696	*	7.62791	7.62791	Promoter	8	423072	423461	390	1	YHR162W	0	7	0
VIII	450551	451254	704	*	5.44641	5.44641	Promoter	8	450815	451153	339	2	YHR173C	0	4	0
VIII	455515	456072	558	*	6.78168	6.78168	Exon (YHR176W_mRNA/YHR176W, exon 1 of 1)	8	456591	457952	1362	1	YHR177W	-519	6	519
VIII	461756	462523	768	*	6.13121	6.13121	Promoter	8	462502	463704	1203	1	YHR179W	0	5	0
VIII	470491	470910	420	*	1.9604	1.9604	Promoter	8	470960	472429	1470	1	YHR183W	-50	0	50
VIII	498352	498725	374	*	3.98578	3.98578	Promoter	8	497490	498422	933	2	YHR199C	0	3	0
VIII	505716	506171	456	*	3.94495	3.94495	Promoter	8	506319	508709	2391	1	YHR204W	-148	3	148
VIII	512070	512369	300	*	1	1	Promoter	8	512732	514600	1869	1	YHR206W	-363	0	363
VIII	521854	522239	386	*	1.97956	1.97956	Promoter	8	520712	521737	1026	2	YHR210C	-117	1	117
VIII	531438	531895	458	*	3.94133	3.94133	Distal Intergenic	8	525392	528619	3228	1	YHR211W	6046	3	6046
VIII	540736	541103	368	*	2.9894	2.9894	Promoter	8	540800	541099	300	1	YHR213W-B	0	2	0
VIII	548274	549475	1202	*	6.63826	6.63826	Promoter	8	543964	549346	5383	2	YHR214C-B	0	6	0
VIII	556217	557658	1442	*	12.8722	12.8722	Promoter	8	556581	557042	462	2	YHR217C	0	9	0
VIII	562045	562698	654	*	9.17595	9.17595	Promoter	8	561199	561681	483	2	YHR219C-A	-364	8	364
X	1	551	551	*	12.1386	12.1386	Promoter	10	829	1311	483	1	YJL225W-A	-278	9	278
X	3483	4478	996	*	4.64518	4.64518	Exon (YJL225C_mRNA/YJL225C, exon 2 of 2)	10	466	6130	5665	2	YJL225C	1652	4	1652
X	6093	7600	1508	*	8.74401	8.8349	Promoter	10	466	6130	5665	2	YJL225C	0	7	0
X	26284	26723	440	*	3.91888	3.91888	Promoter	10	26412	26771	360	2	YJL215C	48	3	48
X	36163	37258	1096	*	6.16249	6.16249	Promoter	10	36919	37734	816	1	YJL210W	0	5	0
X	58995	59294	300	*	1	1	Promoter	10	59100	59172	73	2	tT(AGU)J	0	0	0
X	68777	69374	598	*	5.78941	5.78941	Promoter	10	69338	70879	1542	1	YJL194W	0	5	0
X	73504	73803	300	*	1	1	Promoter	10	73787	74611	825	1	YJL191W	0	0	0
X	75355	75748	394	*	3.97704	3.97704	Promoter	10	74910	75302	393	2	YJL190C	-53	3	53
X	90016	90649	634	*	4.65206	4.65206	Promoter	10	89282	90097	816	2	YJL178C	0	4	0
X	115820	116119	300	*	1	1	Promoter	10	115939	116010	72	2	tE(UUC)J	0	0	0
X	119326	122226	2901	*	12.9803	13.192	Promoter	10	120449	121690	1242	1	YJL159W	0	9	0
X	122962	123827	866	*	8.11713	8.11713	Promoter	10	122265	122948	684	2	YJL158C	-14	7	14
X	136104	137437	1334	*	7.7393	7.7393	Promoter	10	137379	139370	1992	1	YJL149W	0	7	0
X	150430	150941	512	*	6.86659	6.86659	Promoter	10	150961	151626	666	1	YJL140W	-20	6	20
X	157444	157761	318	*	1.99919	1.99919	Promoter	10	157877	158194	318	1	YJL135W	-116	1	116
X	159585	160550	966	*	14.711	14.711	Promoter	10	159623	159847	225	2	YJL133C-A	0	9	0
X	172939	173598	660	*	8.45868	8.45868	Distal Intergenic	10	165723	172367	6645	2	YJL130C	-572	7	572
X	180268	182722	2455	*	4.15662	4.1622	Promoter	10	181551	181709	159	2	YJL127C-B	0	3	0
X	195133	196240	1108	*	7.6306	7.6306	Promoter	10	196287	197126	840	1	YJL115W	-47	7	47
X	204629	204954	326	*	1.99826	1.99826	Promoter	10	204735	204806	72	1	tD(GUC)J1	0	1	0
X	220268	220857	590	*	2.8393	2.8393	Promoter	10	218853	220016	1164	2	YJL107C	-252	1	252
X	223861	224294	434	*	4.96452	4.96452	Distal Intergenic	10	225055	226737	1683	1	YJL105W	-761	4	761
X	236490	237065	576	*	5.73367	5.73367	Promoter	10	234320	236356	2037	2	YJL101C	-134	5	134
X	241586	241925	340	*	2.99655	2.99655	Promoter	10	242082	245258	3177	1	YJL098W	-157	2	157
X	268286	268943	658	*	5.71596	5.71596	Promoter	10	268799	269815	1017	1	YJL088W	0	5	0
X	290728	291769	1042	*	7.3079	7.3079	Promoter	10	289875	290774	900	2	YJL079C	0	6	0
X	294217	295466	1250	*	7.28446	7.28446	Promoter	10	295245	298814	3570	1	YJL076W	0	6	0
X	316453	316854	402	*	1.97131	1.97131	Promoter	10	316723	316980	258	1	YJL062W-A	0	0	0
X	333060	333395	336	*	2.99659	2.99659	Promoter	10	333357	334094	738	1	YJL055W	0	2	0
X	337115	338284	1170	*	7.8722	7.8722	Promoter	10	337884	338003	120	2	YJL052C-A	0	7	0
X	348704	349447	744	*	3.68918	3.68918	Promoter	10	349044	349178	135	2	YJL047C-A	0	2	0
X	355288	356001	714	*	5.23046	5.23046	Promoter	10	355456	355527	72	1	tD(GUC)J2	0	4	0
X	360305	361356	1052	*	9.26964	9.26964	Promoter	10	361249	365445	4197	1	YJL042W	0	8	0
X	374258	374795	538	*	4.7825	4.7825	Promoter	10	374424	374495	72	2	tD(GUC)J3	0	4	0
X	391171	392650	1480	*	13.2309	13.5383	Promoter	10	392404	393603	1200	1	YJL026W	0	9	0
X	404944	405243	300	*	1	1	Promoter	10	405588	407273	1686	1	YJL016W	-345	0	345
X	415697	416130	434	*	4.95485	4.95485	Promoter	10	415931	416036	106	2	tW(CCA)J	0	4	0
X	424136	424559	424	*	1.95841	1.95841	Promoter	10	424432	424515	84	2	tL(UAA)J	0	0	0
X	454729	455558	830	*	6.58359	6.81951	Promoter	10	453683	454681	999	2	YJR009C	-48	6	48
X	455613	456134	522	*	5.85366	6.19499	Promoter	10	456239	457774	1536	1	YJR010W	-105	5	105
X	466185	466532	348	*	4.9924	4.9924	Promoter	10	464451	466208	1758	2	YJR016C	0	4	0
X	471782	472185	404	*	1.98453	2.05887	Promoter	10	471138	471671	534	2	YJR025C	-111	1	111
X	472562	473455	894	*	5.63395	5.63814	Promoter	10	472760	474082	1323	1	YJR026W	0	5	0
X	478150	479039	890	*	5.63401	5.63401	Promoter	10	478344	479666	1323	1	YJR028W	0	5	0
X	521612	521993	382	*	3.98324	3.98324	Promoter	10	519638	521602	1965	2	YJR045C	-10	3	10
X	523889	524188	300	*	1	1	Promoter	10	524012	524093	82	2	tS(AGA)J	0	0	0
X	525672	526345	674	*	7.32597	7.32597	Promoter	10	526335	526664	330	1	YJR048W	0	6	0
X	538425	538788	364	*	1.98865	1.98865	Promoter	10	538772	539266	495	1	YJR055W	0	1	0
X	545305	545802	498	*	5.89986	5.89986	Promoter	10	545787	548243	2457	1	YJR059W	0	5	0
X	578153	579070	918	*	7.96624	7.96624	Promoter	10	577255	578190	936	2	YJR077C	0	7	0
X	606341	607068	728	*	6.94333	6.94393	Promoter	10	605936	607424	1489	2	IRT1	356	6	356
X	607761	608344	584	*	8.71677	8.72949	Promoter	10	608305	608858	554	1	YJR094W-A	0	7	0
X	608912	609387	476	*	6.82999	6.84683	Promoter	10	609773	610741	969	1	YJR095W	-386	6	386
X	617691	618180	490	*	2.92494	2.92494	Promoter	10	617919	618019	101	1	tL(UAG)J	0	1	0
X	622806	623657	852	*	6.24364	6.24364	Promoter	10	622550	623014	465	2	YJR104C	0	5	0
X	633133	633434	302	*	2.99999	2.99999	Promoter	10	633615	635681	2067	1	YJR110W	-181	2	181
X	638989	640036	1048	*	9.11064	9.11064	Promoter	10	639942	640451	510	1	YJR115W	0	8	0
X	646525	647716	1192	*	9.82874	9.82874	Promoter	10	647126	647476	351	1	YJR120W	0	8	0
X	651205	651646	442	*	4.95074	4.95074	Promoter	10	651901	652578	678	1	YJR123W	-255	4	255
X	662693	663806	1114	*	9.30772	9.30772	Promoter	10	658917	663059	4143	2	YJR127C	0	8	0
X	683436	683735	300	*	1	1	Promoter	10	678957	683285	4329	2	YJR137C	-151	0	151
X	703066	704083	1018	*	10.7755	10.7755	Promoter	10	702027	703068	1042	2	YJR145C	0	8	0
X	705124	705761	638	*	7.70148	7.70149	Promoter	10	705744	706874	1131	1	YJR148W	0	7	0
X	745014	745925	912	*	9.04375	9.04375	Promoter	10	744911	745261	351	2	YJR162C	0	8	0
XI	1	693	693	*	10.3367	10.3367	Promoter	11	451	798	348	1	YKL225W	0	8	0
XI	20465	21012	548	*	3.88161	4.15558	Distal Intergenic	11	22234	24084	1851	1	YKL217W	-1222	3	1222
XI	21152	21969	818	*	8.29651	8.35819	Promoter	11	22234	24084	1851	1	YKL217W	-265	7	265
XI	67818	69355	1538	*	16.512	16.8732	Promoter	11	63930	67466	3537	2	YKL201C	-352	9	352
XI	70468	70863	396	*	2.97501	2.9929	Promoter	11	68232	70220	1989	2	YKL198C	-248	2	248
XI	91836	92143	308	*	1.99986	1.99988	Promoter	11	89284	91536	2253	2	YKL187C	-300	1	300
XI	93275	94150	876	*	7.62643	7.62643	Promoter	11	92744	93298	555	2	YKL186C	0	7	0
XI	99290	100439	1150	*	8.14356	8.14356	Promoter	11	100671	106826	6156	1	YKL182W	-232	7	232
XI	108776	109301	526	*	1.8642	1.8642	Promoter	11	109269	110129	861	1	YKL180W	0	0	0
XI	142745	144200	1456	*	5.26078	5.26078	Promoter	11	141794	142819	1026	2	YKL164C	0	4	0
XI	146918	147217	300	*	1	1	Distal Intergenic	11	145922	146074	153	2	YKL162C-A	-844	0	844
XI	164428	165199	772	*	11.2289	11.2289	Promoter	11	163642	164385	744	2	YKL152C	-43	8	43
XI	170765	172064	1300	*	6.50168	6.50168	Promoter	11	171783	173861	2079	1	YKL146W	0	6	0
XI	202925	203224	300	*	1	1	Promoter	11	202999	203071	73	1	tK(CUU)K	0	0	0
XI	216671	217272	602	*	4.59051	4.59051	Promoter	11	217344	218318	975	1	YKL120W	-72	4	72
XI	226046	226499	454	*	2.95061	2.95061	Promoter	11	226570	228765	2196	1	YKL112W	-71	1	71
XI	230576	232093	1518	*	6.76641	6.78612	Promoter	11	232227	233891	1665	1	YKL109W	-134	6	134
XI	247636	248479	844	*	3.40363	3.40363	Promoter	11	248062	248367	306	2	YKL102C	0	2	0
XI	258232	259453	1222	*	7.76268	7.76269	Promoter	11	259073	259222	150	2	YKL096C-B	0	7	0
XI	260220	261233	1014	*	6.78351	6.78351	Promoter	11	261132	261851	720	1	YKL096W	0	6	0
XI	277833	279258	1426	*	8.85722	8.85722	Promoter	11	279123	280127	1005	1	YKL085W	0	7	0
XI	308181	309608	1428	*	3.95302	3.98888	Promoter	11	309206	309442	237	1	YKL068W-A	0	3	0
XI	322004	323277	1274	*	8.67103	8.85434	Promoter	11	323228	325120	1893	1	YKL062W	0	7	0
XI	327581	328278	698	*	5.73691	5.73691	Promoter	11	326408	327487	1080	2	YKL060C	-94	5	94
XI	340293	341254	962	*	10.7534	10.7534	Promoter	11	339668	340546	879	2	YKL052C	0	8	0
XI	355520	356571	1052	*	9.16065	9.25594	Promoter	11	356322	356642	321	1	YKL044W	0	8	0
XI	369110	369837	728	*	8.10292	8.10292	Promoter	11	369365	369721	357	1	YKL037W	0	7	0
XI	381758	382837	1080	*	7.25739	7.39025	Promoter	11	382498	383103	606	1	YKL030W	0	6	0
XI	384768	385591	824	*	9.8796	9.8796	Promoter	11	382716	384725	2010	2	YKL029C	-43	8	43
XI	408013	408590	578	*	12.7113	12.7113	Promoter	11	408544	411483	2940	1	YKL015W	0	9	0
XI	428807	429288	482	*	6.85201	6.85201	Promoter	11	429302	430108	807	1	YKL007W	-14	6	14
XI	431349	431648	300	*	1	1	Promoter	11	431030	431138	109	2	snR87	-211	0	211
XI	439424	439839	416	*	2.97215	2.97215	Promoter	11	438777	439385	609	2	YKL001C	-39	2	39
XI	462222	463675	1454	*	8.00797	8.17104	Promoter	11	461635	462696	1062	2	YKR011C	0	7	0
XI	513098	513591	494	*	5.9072	5.95766	Promoter	11	511999	513159	1161	2	YKR038C	0	5	0
XI	514009	514868	860	*	8.74397	8.7528	Promoter	11	515063	516871	1809	1	YKR039W	-195	7	195
XI	518515	519738	1224	*	13.9339	14.0766	Promoter	11	518063	518566	504	2	YKR040C	0	9	0
XI	533747	534086	340	*	2.99644	2.99644	Promoter	11	532550	533464	915	2	YKR052C	-283	2	283
XI	580887	581576	690	*	12.2838	12.3664	Promoter	11	579827	580750	924	2	YKR075C	-137	9	137
XI	589172	590287	1116	*	3.34715	3.34715	Promoter	11	586789	589305	2517	2	YKR079C	0	2	0
XI	614337	615626	1290	*	11.0207	11.1015	Promoter	11	615730	617535	1806	1	YKR093W	-104	8	104
XI	618803	619134	332	*	2.99716	2.99716	Promoter	11	617996	618750	755	2	YKR094C	-53	2	53
XI	630391	630852	462	*	6.93845	6.93845	Promoter	11	631152	632801	1650	1	YKR097W	-300	6	300
XI	666016	666901	886	*	10.0943	10.0943	Distal Intergenic	11	661442	663289	1848	1	YKR106W	4574	8	4574
XII	1	449	449	*	10.3585	10.3585	Promoter	12	843	1325	483	1	YLL067W-A	-394	8	394
XII	5180	6161	982	*	11.5921	11.5921	Promoter	12	5605	5775	171	1	YLL066W-B	0	8	0
XII	10715	12018	1304	*	14.1485	14.1485	Promoter	12	11726	12076	351	1	YLL065W	0	9	0
XII	21640	22175	536	*	3.88328	3.88328	Promoter	12	21138	21839	702	2	YLL060C	0	3	0
XII	29207	30090	884	*	5.92724	5.92724	Promoter	12	30109	31704	1596	1	YLL055W	-19	5	19
XII	36568	37297	730	*	5.05046	5.05046	Promoter	12	35912	36361	450	2	YLL052C	-207	4	207
XII	65211	65782	572	*	7.83244	7.83244	Promoter	12	64062	65207	1146	2	YLL039C	-4	7	4
XII	83671	84464	794	*	6.97719	6.97719	Promoter	12	84804	86564	1761	1	YLL028W	-340	6	340
XII	92508	92809	302	*	1.99999	1.99999	Promoter	12	92548	92650	103	1	tP(UGG)L	0	1	0
XII	108195	108776	582	*	6.69988	6.69988	Promoter	12	108676	108972	297	2	YLL018C-A	196	6	196
XII	124875	125430	556	*	4.88779	4.88779	Promoter	12	125534	127255	1722	1	YLL012W	-104	4	104
XII	130759	131178	420	*	6.9412	6.9412	Promoter	12	129330	130613	1284	2	YLL010C	-146	6	146
XII	187262	187747	486	*	10.7948	10.7948	Promoter	12	185498	187129	1632	2	YLR023C	-133	8	133
XII	198076	198375	300	*	1	1	Promoter	12	196829	198085	1257	2	YLR027C	0	0	0
XII	220079	220718	640	*	3.57113	3.57113	Distal Intergenic	12	215440	218907	3468	2	YLR035C-A	-1172	2	1172
XII	234247	235020	774	*	8.75156	8.75156	Promoter	12	232390	234081	1692	2	YLR044C	-166	7	166
XII	241561	242228	668	*	6.72867	6.72867	Promoter	12	242232	243349	1118	1	YLR048W	-4	6	4
XII	253020	253727	708	*	6.33354	6.33354	Promoter	12	251272	253080	1809	2	YLR055C	0	6	0
XII	259423	260106	684	*	6.50558	6.50558	Promoter	12	257992	259401	1410	2	YLR058C	-22	6	22
XII	282462	282913	452	*	5.89793	5.89793	Promoter	12	281956	282456	501	2	YLR074C	-6	5	6
XII	289541	290038	498	*	4.91503	4.91503	Promoter	12	290212	291936	1725	1	YLR081W	-174	4	174
XII	322778	323411	634	*	5.58533	5.58533	Promoter	12	323544	326225	2682	1	YLR092W	-133	5	133
XII	329319	329762	444	*	4.94986	4.94986	Promoter	12	327730	329238	1509	2	YLR094C	-81	4	81
XII	340961	341814	854	*	4.42748	4.42748	Promoter	12	341325	341588	264	1	YLR099W-A	0	3	0
XII	368140	368805	666	*	6.4263	6.42632	Promoter	12	368781	369311	531	1	YLR109W	0	6	0
XII	370342	371665	1324	*	13.9167	13.963	Promoter	12	370391	370723	333	1	YLR111W	0	9	0
XII	388235	389092	858	*	9.59533	9.59533	Promoter	12	388672	388773	102	1	YLR120W-A	0	8	0
XII	390410	391051	642	*	3.80815	3.80815	Promoter	12	388744	390270	1527	2	YLR121C	-140	2	140
XII	404151	404554	404	*	4.97522	4.97522	Promoter	12	402794	404062	1269	2	YLR130C	-89	4	89
XII	416838	417203	366	*	3.98641	3.98641	Promoter	12	417006	418109	1104	1	YLR137W	0	3	0
XII	423599	425062	1464	*	13.7067	13.7067	Promoter	12	423683	424774	1092	1	YLR141W	0	9	0
XII	439789	440368	580	*	8.55284	8.55284	Promoter	12	437631	439823	2193	2	YLR149C	0	7	0
XII	451272	452653	1382	*	7.68091	7.73904	Promoter	12	451575	451785	211	2	ETS2-1	0	7	0
XII	452851	454374	1524	*	10.0571	10.3455	Promoter	12	454392	454556	165	1	YLR154W-B	-18	8	18
XII	454677	455908	1232	*	4.71017	4.7722	Promoter	12	455182	455413	232	2	ITS2-1	0	4	0
XII	455977	458368	2392	*	5.53486	5.59919	Promoter	12	455933	457732	1800	2	RDN18-1	0	5	0
XII	460335	461790	1456	*	4.24654	4.28643	Promoter	12	460712	460922	211	2	ETS2-2	0	3	0
XII	461988	463511	1524	*	10.0571	10.3452	Promoter	12	462522	462671	150	2	YLR154C-G	0	8	0
XII	463751	467456	3706	*	5.97568	6.11037	Promoter	12	464709	465069	361	2	ITS1-2	0	5	0
XII	472401	472700	300	*	1	1	Promoter	12	472465	472583	119	1	RDN5-3	0	0	0
XII	480701	482138	1438	*	5.87582	5.93611	Promoter	12	482045	482163	119	1	RDN5-4	0	5	0
XII	482940	483321	382	*	1.99065	2.04628	Promoter	12	482549	483637	1089	2	YLR158C	316	1	316
XII	483786	484183	398	*	2.97792	3.00749	Promoter	12	482549	483637	1089	2	YLR158C	-149	2	149
XII	485633	485932	300	*	1	1	Promoter	12	485697	485815	119	1	RDN5-5	0	0	0
XII	488961	490248	1288	*	10.5339	10.5876	Promoter	12	489349	489469	121	1	RDN5-6	0	8	0
XII	500276	500713	438	*	5.9182	5.9182	Promoter	12	500335	500688	354	1	YLR169W	0	5	0
XII	504031	504484	454	*	4.93505	4.93505	Promoter	12	504591	505829	1239	1	YLR174W	-107	4	107
XII	514151	515698	1548	*	7.47071	7.47071	Promoter	12	514108	514713	606	2	YLR179C	0	6	0
XII	522094	522557	464	*	2.93992	2.93992	Promoter	12	522106	522453	348	1	YLR184W	0	1	0
XII	553763	554430	668	*	5.65242	5.65242	Promoter	12	552724	553677	954	2	YLR205C	-86	5	86
XII	566421	567004	584	*	3.62444	3.62444	Promoter	12	564860	566281	1422	2	YLR212C	-140	2	140
XII	593335	594154	820	*	4.9861	4.9861	Promoter	12	593438	594760	1323	1	YLR227W-A	0	4	0
XII	611651	612128	478	*	6.8894	6.8894	Promoter	12	611532	611930	399	2	YLR235C	0	6	0
XII	636155	636774	620	*	14.5717	14.5717	Promoter	12	636780	639914	3135	1	YLR249W	-6	9	6
XII	645089	646322	1234	*	9.50788	9.50788	Promoter	12	645600	645953	354	2	YLR255C	0	8	0
XII	650927	651812	886	*	5.68998	5.68998	Promoter	12	651117	652439	1323	1	YLR256W-A	0	5	0
XII	657858	658679	822	*	5.49771	5.49771	Promoter	12	658826	659791	966	1	YLR257W	-147	5	147
XII	660100	660541	442	*	1.94477	1.94477	Promoter	12	660716	662833	2118	1	YLR258W	-175	0	175
XII	664976	665401	426	*	7.90341	7.90341	Promoter	12	663284	665002	1719	2	YLR259C	0	7	0
XII	677394	678091	698	*	6.24149	6.24149	Promoter	12	675619	677724	2106	2	YLR266C	0	5	0
XII	704264	704875	612	*	5.64385	5.64385	Promoter	12	704309	704698	390	1	YLR279W	0	5	0
XII	713163	713532	370	*	3.98441	3.98441	Promoter	12	712537	713158	622	2	YLR287C-A	-5	3	5
XII	722428	723975	1548	*	10.8596	10.9301	Promoter	12	722978	723304	327	1	YLR296W	0	8	0
XII	728042	728727	686	*	5.62927	5.62927	Promoter	12	727911	728003	93	2	YLR299C-A	-39	5	39
XII	732095	732442	348	*	1.99361	1.99361	Promoter	12	732090	732190	101	1	tL(UAG)L2	5	1	5
XII	737615	738150	536	*	5.86243	5.86243	Promoter	12	735212	737548	2337	2	YLR304C	-67	5	67
XII	758894	759431	538	*	6.78139	6.78139	Promoter	12	759480	760241	762	1	YLR312W-A	-49	6	49
XII	781409	781708	300	*	1	1	Promoter	12	781143	781379	237	2	YLR325C	-30	0	30
XII	783661	785186	1526	*	5.79933	5.98538	Promoter	12	784913	786118	1206	1	YLR328W	0	5	0
XII	789648	790231	584	*	8.73922	8.73922	Exon (YLR330W_mRNA/YLR330W, exon 1 of 1)	12	790676	791806	1131	1	YLR332W	-445	7	445
XII	793813	794152	340	*	2.99639	2.99639	Promoter	12	793918	793989	72	1	tD(GUC)L2	0	2	0
XII	796319	797850	1532	*	3.77973	3.77973	Promoter	12	796698	797078	381	2	YLR334C	0	2	0
XII	805115	805442	328	*	1.99782	1.99782	Promoter	12	802653	805106	2454	2	YLR337C	-9	1	9
XII	808778	809687	910	*	8.09104	8.09104	Promoter	12	809997	815627	5631	1	YLR342W	-310	7	310
XII	818452	819431	980	*	8.43534	8.43534	Promoter	12	819312	820142	831	1	YLR344W	0	7	0
XII	827908	828711	804	*	7.41644	7.41644	Promoter	12	828730	829380	651	1	YLR350W	-19	6	19
XII	837385	837936	552	*	3.88472	3.88472	Promoter	12	836350	837357	1008	2	YLR354C	-28	3	28
XII	839154	839847	694	*	9.52051	9.52051	Promoter	12	838066	839253	1188	2	YLR355C	0	8	0
XII	871307	871734	428	*	3.95951	3.95951	Promoter	12	868662	871367	2706	2	YLR373C	0	3	0
XII	875063	875446	384	*	2.98221	2.98221	Promoter	12	875376	875471	96	1	tK(UUU)L	0	2	0
XII	877310	878273	964	*	8.11161	8.11161	Promoter	12	878282	879508	1227	1	YLR380W	-9	7	9
XII	897722	898091	370	*	2.98716	2.98716	Promoter	12	896374	897672	1299	2	YLR387C	-50	2	50
XII	903097	903786	690	*	13.129	13.129	Promoter	12	903724	904440	717	1	YLR390W-A	0	9	0
XII	921065	922526	1462	*	11.8982	11.8982	Promoter	12	919536	921596	2061	2	YLR399C	0	9	0
XII	924434	924939	506	*	2.88658	2.88658	Promoter	12	922442	924448	2007	2	YLR401C	0	1	0
XII	931899	932878	980	*	7.49005	7.49005	Promoter	12	932206	932355	150	2	YLR406C-A	0	6	0
XII	949770	950965	1196	*	10.9289	10.9289	Promoter	12	950267	950473	207	2	YLR412C-A	0	8	0
XII	954184	954701	518	*	4.86526	4.86526	Promoter	12	954259	954597	339	2	YLR415C	0	4	0
XII	1011723	1012774	1052	*	13.553	13.553	Promoter	12	1011622	1012023	402	2	YLR437C	0	9	0
XII	1018977	1019298	322	*	2.99875	2.99875	Promoter	12	1018141	1018908	768	2	YLR441C	-69	2	69
XII	1027612	1028809	1198	*	8.15558	8.15558	Promoter	12	1026856	1027893	1038	2	YLR447C	0	7	0
XII	1061034	1061349	316	*	1.99937	1.99937	Promoter	12	1059757	1060887	1131	2	YLR460C	-147	1	147
XII	1064322	1065675	1354	*	15.5176	15.5176	Promoter	12	1065956	1066564	609	1	YLR462W	-281	9	281
XII	1071193	1072134	942	*	12.5701	12.5701	Promoter	12	1071594	1071710	117	2	YLR466C-B	0	9	0
XII	1074545	1074844	300	*	1	1	Exon (YLR467W_mRNA/YLR467W, exon 1 of 1)	12	1072508	1077898	5391	1	YLR467W	2037	0	2037
XII	1077915	1078280	366	*	3.99171	3.99171	Promoter	12	1077050	1077532	483	2	YLR467C-A	-383	3	383
XIII	1	428	428	*	9.48141	9.48141	Promoter	13	827	1309	483	1	YML133W-B	-399	8	399
XIII	3513	3812	300	*	1	1	Exon (YML133C_mRNA/YML133C, exon 2 of 2)	13	461	4684	4224	2	YML133C	872	0	872
XIII	5056	6027	972	*	11.8536	11.8536	Promoter	13	461	4684	4224	2	YML133C	-372	9	372
XIII	25479	26826	1348	*	8.91697	8.91697	Promoter	13	26038	26418	381	2	YML122C	0	7	0
XIII	29830	30611	782	*	8.30724	8.30724	Promoter	13	30611	31684	1074	1	YML119W	0	7	0
XIII	37570	37991	422	*	4.96568	4.96568	Promoter	13	37472	37774	303	1	YML116W-A	98	4	98
XIII	69458	70609	1152	*	16.7032	16.7032	Promoter	13	70138	70311	174	1	YML100W-A	0	9	0
XIII	91071	92508	1438	*	9.57648	9.57648	Promoter	13	92235	94241	2007	1	YML088W	0	8	0
XIII	119228	119663	436	*	2.9605	2.9605	Promoter	13	115734	118898	3165	2	YML075C	-330	2	330
XIII	124155	124650	496	*	2.90197	2.90197	Promoter	13	123227	124172	946	2	YML073C	0	1	0
XIII	145919	146496	578	*	3.80539	3.80539	Promoter	13	146482	147249	768	1	YML063W	0	2	0
XIII	159007	159340	334	*	2.9971	2.9971	Promoter	13	159383	159697	315	1	YML058W	-43	2	43
XIII	167320	167935	616	*	6.70499	6.70499	Promoter	13	167623	167781	159	2	YML054C-A	0	6	0
XIII	169738	170435	698	*	5.47347	5.47347	Promoter	13	170402	171310	909	1	YML052W	0	4	0
XIII	184449	185306	858	*	3.54681	3.54681	Promoter	13	184461	189729	5269	1	YML045W	0	2	0
XIII	196422	197323	902	*	5.6334	5.65837	Promoter	13	196628	201896	5269	1	YML039W	0	5	0
XIII	209037	209490	454	*	9.86798	9.86798	Promoter	13	209525	212155	2631	1	YML034W	-35	8	35
XIII	219802	220193	392	*	2.98256	2.98529	Promoter	13	220138	220728	591	1	YML028W	0	2	0
XIII	220914	221261	348	*	1.9948	1.9991	Promoter	13	221406	222563	1158	1	YML027W	-145	1	145
XIII	223866	224321	456	*	1.93436	1.93439	Promoter	13	222987	223828	842	2	YML026C	-38	0	38
XIII	225351	225858	508	*	4.885	4.88501	Promoter	13	224406	225365	960	2	YML025C	0	4	0
XIII	236116	236449	334	*	1.99697	1.99697	Promoter	13	236588	238731	2144	1	YML017W	-139	1	139
XIII	253342	253773	432	*	4.94733	4.94733	Promoter	13	253162	253272	111	2	YML007C-A	-70	4	70
XIII	258636	259565	930	*	6.02552	6.02552	Promoter	13	259158	259239	82	2	tS(AGA)M	0	5	0
XIII	271431	272296	866	*	12.6302	12.6302	Promoter	13	271347	271577	231	2	YMR001C-A	0	9	0
XIII	279822	280155	334	*	1.99697	1.99697	Promoter	13	279960	280340	381	1	YMR007W	0	1	0
XIII	282743	283278	536	*	3.78485	3.78485	Promoter	13	280590	282584	1995	2	YMR008C	-159	2	159
XIII	287147	287832	686	*	8.94306	8.94306	Promoter	13	288079	289704	1626	1	YMR011W	-247	7	247
XIII	296770	297167	398	*	4.9773	4.9773	Promoter	13	295179	296738	1560	2	YMR013C	-32	4	32
XIII	302728	303263	536	*	7.75251	7.75251	Promoter	13	300869	302485	1617	2	YMR015C	-243	7	243
XIII	305994	307187	1194	*	7.30339	7.30339	Promoter	13	307489	308682	1194	1	YMR017W	-302	6	302
XIII	309470	309861	392	*	1.97713	1.97713	Promoter	13	310208	311752	1545	1	YMR018W	-347	1	347
XIII	334859	335270	412	*	4.95752	4.95752	Promoter	13	335298	337307	2010	1	YMR032W	-28	4	28
XIII	346983	347610	628	*	6.69198	6.69198	Exon (YMR038C_mRNA/YMR038C, exon 1 of 1)	13	344403	346517	2115	2	YMR037C	-466	6	466
XIII	349756	350145	390	*	2.98184	2.98184	Promoter	13	348644	349522	879	2	YMR039C	-234	2	234
XIII	352085	352782	698	*	4.69898	4.83042	Promoter	13	352603	353136	534	1	YMR042W	0	4	0
XIII	352969	353534	566	*	4.79336	4.92842	Promoter	13	353871	354731	861	1	YMR043W	-337	4	337
XIII	361781	363290	1510	*	4.03418	4.03418	Promoter	13	357359	362627	5269	2	YMR045C	0	3	0
XIII	377696	378335	640	*	3.57113	3.57176	Promoter	13	373057	378325	5269	2	YMR050C	0	2	0
XIII	379067	379502	436	*	3.95168	3.95353	Promoter	13	379303	379408	106	2	tW(CCA)M	0	3	0
XIII	388162	388665	504	*	1.88874	1.88874	Promoter	13	387315	388244	930	2	YMR056C	0	0	0
XIII	407977	408926	950	*	17.2098	17.3154	Promoter	13	409154	410626	1473	1	YMR070W	-228	9	228
XIII	431396	432303	908	*	7.06485	7.06485	Promoter	13	431769	432125	357	2	YMR082C	0	6	0
XIII	433238	434671	1434	*	6.60109	6.60109	Promoter	13	434788	435915	1128	1	YMR083W	-117	6	117
XIII	472657	473262	606	*	5.77333	5.77333	Promoter	13	472902	473264	363	2	YMR103C	2	5	2
XIII	477773	478158	386	*	1.97956	1.97956	Promoter	13	478064	478258	195	1	YMR105W-A	0	1	0
XIII	482390	482721	332	*	1.99716	1.99716	Promoter	13	483014	483361	348	1	YMR107W	-293	1	293
XIII	504851	505188	338	*	1.9962	1.9962	Promoter	13	504895	505008	114	1	tL(CAA)M	0	1	0
XIII	510328	511345	1018	*	7.18588	7.18588	Promoter	13	509734	510348	615	2	YMR121C	0	6	0
XIII	539991	540942	952	*	9.61557	9.61557	Promoter	13	538689	540056	1368	2	YMR135C	0	8	0
XIII	551384	551785	402	*	2.97644	2.97644	Promoter	13	551928	552903	976	1	YMR143W	-143	2	143
XIII	556550	557627	1078	*	9.28671	9.28671	Promoter	13	554793	556475	1683	2	YMR145C	-75	8	75
XIII	592757	593056	300	*	1	1	Promoter	13	590040	592628	2589	2	YMR165C	-129	0	129
XIII	605707	606006	300	*	1	1	Promoter	13	605981	608140	2160	1	YMR172W	0	0	0
XIII	608121	608564	444	*	2.95836	2.95836	Promoter	13	607828	608211	384	2	YMR172C-A	0	2	0
XIII	625947	626368	422	*	2.95972	2.95972	Promoter	13	626349	626654	306	1	snR83	0	2	0
XIII	627841	628140	300	*	1	1	Promoter	13	626921	627808	888	2	YMR183C	-33	0	33
XIII	637011	637424	414	*	2.97311	2.97311	Promoter	13	636291	637004	714	2	YMR188C	-7	2	7
XIII	652949	654200	1252	*	11.4403	11.4403	Promoter	13	652912	653136	225	2	YMR194C-A	0	8	0
XIII	661602	662169	568	*	5.71077	5.71077	Downstream (<=300bp)	13	662644	664284	1641	1	YMR199W	-475	5	475
XIII	675079	675572	494	*	7.83397	7.83397	Promoter	13	671887	674766	2880	2	YMR205C	-313	7	313
XIII	751326	751781	456	*	1.93436	1.93436	Promoter	13	749930	751240	1311	2	YMR240C	-86	0	86
XIII	754248	754727	480	*	1.91295	1.91295	Promoter	13	754297	754386	90	1	YMR242W-A	0	0	0
XIII	756274	756663	390	*	5.97176	5.97176	Promoter	13	754838	756166	1329	2	YMR243C	-108	5	108
XIII	758588	759741	1154	*	6.89301	6.89459	Promoter	13	758517	758831	315	2	YMR244C-A	0	6	0
XIII	760118	760559	442	*	2.94018	2.99266	Promoter	13	759807	761891	2085	1	YMR246W	311	2	311
XIII	773646	775063	1418	*	15.005	15.005	Promoter	13	774752	774931	180	1	YMR251W-A	0	9	0
XIII	797740	798427	688	*	8.58789	8.58789	Promoter	13	796540	797925	1386	2	YMR265C	0	7	0
XIII	808050	808515	466	*	2.9275	2.9275	Promoter	13	808246	808317	72	2	tQ(CUG)M	0	1	0
XIII	851603	852650	1048	*	13.4938	13.4938	Promoter	13	852630	854390	1761	1	YMR291W	0	9	0
XIII	860640	861955	1316	*	9.0406	9.0406	Promoter	13	859215	860891	1677	2	YMR296C	0	8	0
XIII	872583	873084	502	*	5.8616	5.8616	Promoter	13	870073	872625	2553	2	YMR302C	0	5	0
XIII	880475	880954	480	*	2.92196	2.92196	Promoter	13	881159	886516	5358	1	YMR306W	-205	1	205
XIII	886376	886947	572	*	2.85836	2.85836	Promoter	13	886183	886572	390	2	YMR306C-A	0	1	0
XIII	912156	912571	416	*	3.96117	3.96117	Promoter	13	911061	912143	1083	2	YMR318C	-13	3	13
XIII	914983	915710	728	*	9.28877	9.28877	Distal Intergenic	13	912880	914538	1659	2	YMR319C	-445	8	445
XIII	924133	924554	422	*	3.97299	3.97299	Promoter	13	923494	923802	309	2	YMR326C	-331	3	331
XIV	1	387	387	*	5.89196	5.89196	Promoter	14	734	1216	483	1	YNL339W-B	-347	5	347
XIV	3420	4061	642	*	2.78933	2.78933	Exon (YNL339C_mRNA/YNL339C, exon 2 of 2)	14	1517	2092	576	1	YNL339W-A	1903	1	1903
XIV	5953	7314	1362	*	14.8226	14.8226	Promoter	14	7165	7419	255	1	YNL337W	0	9	0
XIV	63055	63354	300	*	1	1	Promoter	14	61958	62943	986	2	YNL302C	-112	0	112
XIV	87322	87811	490	*	5.90521	5.90521	Promoter	14	87897	88736	840	1	YNL289W	-86	5	86
XIV	96099	96458	360	*	1.99002	1.99002	Promoter	14	96173	96544	372	1	YNL285W	0	1	0
XIV	101875	102334	460	*	2.93891	2.93891	Promoter	14	100910	102232	1323	2	YNL284C-A	0	1	0
XIV	107112	107511	400	*	4.97116	4.97116	Promoter	14	107687	108274	588	1	YNL282W	-176	4	176
XIV	110474	110773	300	*	1	1	Promoter	14	109095	110411	1317	2	YNL280C	-63	0	63
XIV	115398	117453	2056	*	9.67804	9.82032	Promoter	14	117349	118809	1461	1	YNL277W	0	8	0
XIV	137920	138491	572	*	1.80605	1.80605	Promoter	14	138550	140385	1836	1	YNL268W	-59	0	59
XIV	174450	174975	526	*	10.7767	10.7767	Promoter	14	172588	174315	1728	2	YNL251C	-135	8	135
XIV	197540	198889	1350	*	8.44024	8.44024	Promoter	14	196426	197943	1518	2	YNL241C	0	7	0
XIV	209795	210270	476	*	3.91165	3.91165	Promoter	14	210233	211513	1281	1	YNL234W	0	3	0
XIV	217311	217816	506	*	5.89696	5.89696	Promoter	14	215987	217042	1056	2	YNL231C	-269	5	269
XIV	233677	234154	478	*	5.89456	5.89456	Promoter	14	231068	233695	2628	2	YNL221C	0	5	0
XIV	239890	240189	300	*	1	1	Promoter	14	240331	241311	981	1	YNL217W	-142	0	142
XIV	273873	274196	324	*	2.99862	2.99862	Promoter	14	274368	276044	1677	1	YNL193W	-172	2	172
XIV	275988	276363	376	*	4.98184	4.98184	Promoter	14	276502	279897	3396	1	YNL192W	-139	4	139
XIV	281429	282160	732	*	9.49455	9.49455	Promoter	14	282395	283009	615	1	YNL190W	-235	8	235
XIV	289015	289356	342	*	2.99644	2.99644	Promoter	14	289498	291876	2379	1	YNL186W	-142	2	142
XIV	300760	303041	2282	*	7.07902	7.1056	Promoter	14	302680	303402	723	1	YNL178W	0	6	0
XIV	310236	310535	300	*	1	1	Promoter	14	310636	315882	5247	1	YNL172W	-101	0	101
XIV	330862	331391	530	*	6.82802	6.82802	Promoter	14	331322	332154	833	1	YNL162W	0	6	0
XIV	335500	336421	922	*	7.59799	7.59799	Promoter	14	336545	337609	1065	1	YNL160W	-124	7	124
XIV	349610	350497	888	*	7.87188	7.87188	Promoter	14	349367	349756	390	2	YNL149C	0	7	0
XIV	351945	352340	396	*	3.96352	3.96352	Promoter	14	352414	352530	117	1	YNL145W	-74	3	74
XIV	355152	356173	1022	*	9.31497	9.31497	Promoter	14	352820	355042	2223	2	YNL144C	-110	8	110
XIV	373523	374222	700	*	3.72597	3.73129	Promoter	14	372451	373581	1131	2	YNL134C	0	2	0
XIV	374786	375181	396	*	4.98259	4.99421	Promoter	14	374869	374959	91	1	tF(GAA)N	0	4	0
XIV	392323	392676	354	*	2.99219	2.99219	Promoter	14	390146	392167	2022	2	YNL125C	-156	2	156
XIV	405553	406096	544	*	6.73784	6.73784	Promoter	14	402652	405564	2913	2	YNL118C	0	6	0
XIV	426665	427556	892	*	2.5158	2.5158	Promoter	14	426719	426808	90	1	YNL103W-A	0	1	0
XIV	441132	441455	324	*	2.9987	2.9987	Promoter	14	441431	441586	156	1	YNL097W-A	0	2	0
XIV	442829	443128	300	*	1	1.00001	Promoter	14	443006	443119	114	1	tL(CAA)N	0	0	0
XIV	444272	444863	592	*	3.836	3.836	Promoter	14	443398	444315	918	2	YNL096C	0	3	0
XIV	479109	479646	538	*	9.82472	9.82472	Promoter	14	478566	479165	600	2	YNL079C	0	8	0
XIV	495137	495616	480	*	2.91906	2.91906	Promoter	14	493956	495001	1046	2	YNL069C	-136	1	136
XIV	500503	501018	516	*	4.86377	4.86377	Downstream (<=300bp)	14	501515	502777	1263	1	YNL066W	-497	4	497
XIV	502870	503711	842	*	13.5465	13.5465	Promoter	14	503724	505484	1761	1	YNL065W	-13	9	13
XIV	518832	520319	1488	*	7.74622	7.74622	Promoter	14	519456	520778	1323	1	YNL054W-A	0	7	0
XIV	546994	548339	1346	*	7.23658	7.23658	Promoter	14	548100	549290	1191	1	YNL042W	0	6	0
XIV	559077	559832	756	*	9.47738	9.47749	Promoter	14	559814	560479	666	1	YNL036W	0	8	0
XIV	560584	560887	304	*	0.999978	1.00181	Promoter	14	560693	560765	73	2	tT(AGU)N2	0	0	0
XIV	568005	568468	464	*	2.93439	2.93439	Promoter	14	568115	568217	103	1	tP(UGG)N2	0	1	0
XIV	569751	570050	300	*	1	1	Promoter	14	569867	569940	74	2	tI(AAU)N1	0	0	0
XIV	575866	576747	882	*	2.49523	2.49523	Promoter	14	576727	577038	312	1	YNL030W	0	1	0
XIV	578723	579156	434	*	4.95988	4.95988	Promoter	14	577205	578773	1569	2	YNL029C	0	4	0
XIV	602072	602579	508	*	3.89119	3.89119	Promoter	14	602138	602476	339	2	YNL017C	0	3	0
XIV	604746	605313	568	*	1.81012	1.81012	Promoter	14	605384	605611	228	1	YNL015W	-71	0	71
XIV	631112	633231	2120	*	13.4631	13.4822	Promoter	14	631263	631481	219	1	YNR001W-A	0	9	0
XIV	633290	634363	1074	*	5.16209	5.16404	Promoter	14	633008	633856	849	2	YNR002C	0	4	0
XIV	651643	652422	780	*	9.04502	9.04502	Promoter	14	649028	651712	2685	2	YNR013C	0	8	0
XIV	661707	662700	994	*	4.6478	4.6478	Promoter	14	662913	663581	669	1	YNR017W	-213	4	213
XIV	663690	664331	642	*	7.44415	7.44416	Promoter	14	664270	664944	675	1	YNR018W	0	6	0
XIV	784025	784332	308	*	2.99982	2.99982	Distal Intergenic	14	783287	783541	255	2	YNR077C	-484	2	484
XV	1	740	740	*	8.97929	8.97929	Promoter	15	585	740	156	1	YOL166W-A	0	8	0
XV	21432	21907	476	*	5.92616	5.92616	Promoter	15	19491	21311	1821	2	YOL158C	-121	5	121
XV	27274	28235	962	*	8.22802	8.22802	Promoter	15	27084	27218	135	1	YOL155W-A	190	7	190
XV	31726	32787	1062	*	1.94276	1.94276	Promoter	15	28703	31606	2904	2	YOL155C	-120	0	120
XV	68971	69456	486	*	8.74212	8.74212	Promoter	15	67561	68754	1194	2	YOL136C	-217	7	217
XV	79693	80198	506	*	3.91911	3.91911	Promoter	15	80348	81190	843	1	YOL127W	-150	3	150
XV	83062	83547	486	*	4.92668	4.92668	Promoter	15	81787	82920	1134	2	YOL126C	-142	4	142
XV	87067	87618	552	*	6.86868	6.86868	Promoter	15	87844	89448	1605	1	YOL123W	-226	6	226
XV	91519	92040	522	*	2.90332	2.90361	Promoter	15	89692	91419	1728	2	YOL122C	-100	1	100
XV	92861	93344	484	*	2.92205	2.92233	Promoter	15	92026	92850	825	2	YOL121C	-11	1	11
XV	94447	94832	386	*	4.97664	4.97665	Promoter	15	93395	94402	1008	2	YOL120C	-45	4	45
XV	96333	96908	576	*	8.68989	8.68989	Promoter	15	94856	96361	1506	2	YOL119C	0	7	0
XV	103568	104299	732	*	6.28702	6.28702	Promoter	15	103317	103925	609	2	YOL114C	0	6	0
XV	109175	110160	986	*	10.0412	10.0412	Promoter	15	109176	109889	714	1	YOL110W	0	8	0
XV	117498	118695	1198	*	8.76189	8.76189	Promoter	15	118000	119322	1323	1	YOL103W-A	0	7	0
XV	128281	128580	300	*	1	1	Promoter	15	126982	127920	939	2	YOL101C	-361	0	361
XV	160292	162442	2151	*	8.83715	9.0613	Promoter	15	162356	165331	2976	1	YOL084W	0	8	0
XV	168046	168431	386	*	1.97956	1.97956	Promoter	15	168727	169974	1248	1	YOL082W	-296	1	296
XV	170068	170931	864	*	7.56873	7.56873	Promoter	15	171070	180309	9240	1	YOL081W	-139	7	139
XV	216157	216804	648	*	4.75436	4.75436	Promoter	15	214017	216137	2121	2	YOL060C	-20	4	20
XV	218679	219044	366	*	1.9883	1.9883	Promoter	15	219211	220473	1263	1	YOL058W	-167	1	167
XV	228229	228616	388	*	2.98339	2.98339	Promoter	15	228614	229834	1221	1	YOL054W	0	2	0
XV	231972	232469	498	*	5.86652	5.86652	Promoter	15	231570	231755	186	2	YOL052C-A	-217	5	217
XV	234431	234824	394	*	4.96651	4.96651	Promoter	15	234346	234546	201	1	snR81	85	4	85
XV	253565	254216	652	*	1.68545	1.68545	Promoter	15	253149	253577	429	2	YOL040C	0	0	0
XV	273818	275401	1584	*	2.69747	2.73891	Promoter	15	274957	276939	1983	1	YOL025W	0	1	0
XV	285352	285975	624	*	11.5875	11.5875	Promoter	15	282421	285426	3006	2	YOL021C	0	8	0
XV	287968	288775	808	*	4.38424	4.38424	Promoter	15	288420	288572	153	1	YOL019W-A	0	3	0
XV	301006	301305	300	*	1	1	Promoter	15	301047	301238	192	1	YOL013W-A	0	0	0
XV	304279	305542	1264	*	7.71867	7.80473	Promoter	15	305349	307409	2061	1	YOL011W	0	7	0
XV	312562	312861	300	*	1	1	Promoter	15	311342	312367	1026	2	YOL007C	-195	0	195
XV	316154	316817	664	*	6.45863	6.45863	Promoter	15	315813	316175	363	2	YOL005C	0	6	0
XV	347309	347608	300	*	1	1	Promoter	15	346195	346950	756	2	YOR010C	-359	0	359
XV	377785	378240	456	*	4.94205	4.94205	Promoter	15	377847	378170	324	1	YOR024W	0	4	0
XV	384663	385464	802	*	10.2345	10.2345	Promoter	15	384600	384935	336	1	YOR029W	63	8	63
XV	391293	392448	1156	*	7.53194	7.53194	Promoter	15	392176	392376	201	1	YOR032W-A	0	6	0
XV	410181	410480	300	*	1	1	Promoter	15	409765	409864	100	2	snR62	-317	0	317
XV	417871	418350	480	*	1.91295	1.91295	Promoter	15	416347	417681	1335	2	YOR047C	-190	0	190
XV	424093	424770	678	*	2.73836	2.73836	Promoter	15	424270	424617	348	2	YOR050C	0	1	0
XV	427284	427641	358	*	4.98727	4.98727	Promoter	15	426772	427224	453	2	YOR052C	-60	4	60
XV	443544	444113	570	*	6.744	6.91527	Promoter	15	442725	443531	807	2	YOR062C	-13	6	13
XV	446662	447203	542	*	5.80002	5.80002	Promoter	15	446079	446738	660	2	YOR064C	0	5	0
XV	461559	462080	522	*	3.82919	3.82919	Promoter	15	461791	462039	249	1	YOR072W-A	0	3	0
XV	464417	464732	316	*	2.99946	2.99946	Promoter	15	464469	464630	162	1	YOR072W-B	0	2	0
XV	472257	472740	484	*	7.88962	7.88962	Promoter	15	472725	473369	645	1	YOR078W	0	7	0
XV	479450	480603	1154	*	7.05792	7.05792	Promoter	15	479296	479637	342	2	YOR082C	0	6	0
XV	487337	487716	380	*	3.98545	3.98545	Promoter	15	487707	489734	2028	1	YOR087W	0	3	0
XV	494140	494877	738	*	11.2003	11.2003	Promoter	15	495127	496968	1842	1	YOR092W	-250	8	250
XV	505048	505669	622	*	6.79756	6.79756	Promoter	15	505794	506767	974	1	YOR096W	-125	6	125
XV	511134	511621	488	*	6.90618	6.90618	Promoter	15	507948	511178	3231	2	YOR098C	0	6	0
XV	514381	515104	724	*	9.28311	9.28311	Promoter	15	513295	514278	984	2	YOR100C	-103	8	103
XV	520086	521349	1264	*	12.2506	12.2506	Promoter	15	521353	522282	930	1	YOR107W	-4	9	4
XV	550593	551022	430	*	2.96006	2.96006	Promoter	15	551114	552052	939	1	YOR120W	-92	2	92
XV	579708	580125	418	*	3.96291	3.96291	Promoter	15	580250	581359	1110	1	YOR136W	-125	3	125
XV	586252	586729	478	*	2.93345	2.93345	Promoter	15	584309	586324	2016	2	YOR138C	0	1	0
XV	595100	595851	752	*	4.35564	4.35564	Promoter	15	595112	596434	1323	1	YOR142W-A	0	3	0
XV	606095	606542	448	*	5.96014	5.96014	Promoter	15	605347	606171	825	2	YOR145C	0	5	0
XV	618894	619755	862	*	6.99671	7.13871	Promoter	15	619840	624375	4536	1	YOR153W	-85	6	85
XV	631711	632160	450	*	4.94467	4.94467	Promoter	15	630966	631751	786	2	YOR157C	0	4	0
XV	638472	639469	998	*	6.27983	6.27983	Promoter	15	636939	638558	1620	2	YOR161C	0	6	0
XV	670727	671488	762	*	8.59652	8.59652	Distal Intergenic	15	667860	670241	2382	2	YOR178C	-486	7	486
XV	673688	674107	420	*	2.97005	2.97005	Distal Intergenic	15	674352	675167	816	2	YOR180C	1060	2	1060
XV	678798	679167	370	*	3.98584	3.98584	Promoter	15	678872	679261	390	1	YOR183W	0	3	0
XV	682124	682521	398	*	1.97403	1.9741	Promoter	15	681444	682106	663	2	YOR185C	-18	0	18
XV	683538	683975	438	*	4.94538	4.9454	Promoter	15	683329	683538	210	2	YOR186C-A	0	4	0
XV	742228	742755	528	*	5.83498	5.83498	Promoter	15	742910	744181	1272	1	YOR212W	-155	5	155
XV	762007	762666	660	*	12.9998	12.9998	Promoter	15	761614	762084	471	2	YOR226C	0	9	0
XV	768035	768364	330	*	1.99766	1.99772	Promoter	15	768409	769812	1404	1	YOR229W	-45	1	45
XV	769344	770547	1204	*	15.2444	15.4986	Promoter	15	770800	772113	1314	1	YOR230W	-253	9	253
XV	779436	780319	884	*	7.48866	7.48866	Promoter	15	779870	780184	315	1	YOR235W	0	6	0
XV	796989	797346	358	*	1.99099	1.99099	Promoter	15	795801	796793	993	2	YOR246C	-196	1	196
XV	825433	826112	680	*	7.10653	7.10653	Promoter	15	825534	825932	399	2	YOR268C	0	6	0
XV	832003	832398	396	*	2.97862	2.97862	Promoter	15	831059	832042	984	2	YOR271C	0	2	0
XV	836280	837415	1136	*	9.54011	9.54011	Promoter	15	834452	836431	1980	2	YOR273C	0	8	0
XV	866545	867078	534	*	3.90333	3.90333	Promoter	15	865653	866582	930	2	YOR292C	0	3	0
XV	877619	878426	808	*	6.9567	6.9567	Promoter	15	877230	877685	456	2	YOR298C-A	0	6	0
XV	881820	882719	900	*	6.77238	6.77238	Promoter	15	882765	882842	78	1	YOR302W	-46	6	46
XV	891624	892115	492	*	6.85278	6.85278	Promoter	15	889867	891432	1566	2	YOR306C	-192	6	192
XV	901226	901789	564	*	4.81287	4.81287	Distal Intergenic	15	900250	900767	518	2	YOR312C	-459	4	459
XV	903802	904455	654	*	9.60805	9.60805	Promoter	15	904458	904568	111	1	YOR314W-A	-3	8	3
XV	908452	909479	1028	*	6.30722	6.30722	Promoter	15	909343	911445	2103	1	YOR317W	0	6	0
XV	911883	913214	1332	*	5.94703	5.94703	Promoter	15	911784	912436	653	2	YOR318C	0	5	0
XV	925178	925577	400	*	3.97434	3.97434	Promoter	15	923232	925040	1809	2	YOR324C	-138	3	138
XV	931152	931667	516	*	5.87437	5.87437	Promoter	15	930734	931081	348	2	YOR327C	-71	5	71
XV	967799	968566	768	*	12.8751	12.8751	Promoter	15	968148	968474	327	2	YOR343C	0	9	0
XV	978183	979756	1574	*	18.1021	18.1021	Promoter	15	977194	978069	876	2	YOR344C	-114	9	114
XV	980576	980895	320	*	1.99899	1.99996	Promoter	15	980683	980787	105	1	tP(UGG)O3	0	1	0
XV	987738	989307	1570	*	13.36	13.6299	Promoter	15	986899	988782	1884	2	YOR348C	0	9	0
XV	1003043	1004418	1376	*	7.09029	7.09029	Promoter	15	1001147	1003225	2079	2	YOR354C	0	6	0
XV	1039377	1039916	540	*	5.81153	5.81153	Promoter	15	1039840	1041399	1560	1	YOR374W	0	5	0
XV	1043132	1043801	670	*	9.3437	9.3437	Promoter	15	1043191	1043559	369	1	YOR376W	0	8	0
XV	1084034	1085277	1244	*	12.3903	12.3903	Promoter	15	1084202	1084369	168	2	YOR394C-A	0	9	0
XV	1087510	1087809	300	*	1	1	Exon (YOR396W_mRNA/YOR396W, exon 1 of 1)	15	1085473	1090863	5391	1	YOR396W	2037	0	2037
XV	1090877	1091430	554	*	8.59934	8.59934	Promoter	15	1090015	1090497	483	2	YOR396C-A	-380	7	380
XVI	1	261	261	*	3.99145	3.99145	Promoter	16	643	1125	483	1	YPL283W-B	-382	3	382
XVI	3329	3970	642	*	2.78933	2.78933	Exon (YPL283C_mRNA/YPL283C, exon 2 of 2)	16	1426	2001	576	1	YPL283W-A	1903	1	1903
XVI	5868	7109	1242	*	12.3896	12.3896	Promoter	16	280	6007	5728	2	YPL283C	0	9	0
XVI	22442	22943	502	*	2.89292	2.89292	Promoter	16	22938	24701	1764	1	YPL274W	0	1	0
XVI	40166	40903	738	*	7.53613	7.53613	Promoter	16	41043	42869	1827	1	YPL265W	-140	7	140
XVI	56185	57722	1538	*	5.71612	5.81187	Promoter	16	56748	58070	1323	1	YPL257W-A	0	5	0
XVI	66962	67441	480	*	6.84911	6.84911	Promoter	16	67725	68882	1158	1	YPL255W	-284	6	284
XVI	74595	75634	1040	*	16.3628	16.3629	Promoter	16	74309	74719	411	2	YPL250C	0	9	0
XVI	76284	76773	490	*	4.92595	4.93155	Promoter	16	75699	76239	541	2	YPL249C-A	-45	4	45
XVI	106745	107044	300	*	1	1.00001	Promoter	16	107275	108147	873	1	YPL232W	-231	0	231
XVI	108209	108596	388	*	2.9841	2.98411	Promoter	16	108652	114315	5664	1	YPL231W	-56	2	56
XVI	114182	115207	1026	*	15.0905	15.0905	Promoter	16	115312	116487	1176	1	YPL230W	-105	9	105
XVI	132314	133027	714	*	8.05247	8.05247	Promoter	16	133043	135424	2382	1	YPL221W	-16	7	16
XVI	188523	189062	540	*	7.84403	7.84403	Promoter	16	188307	188513	207	2	YPL189C-A	-10	7	10
XVI	202925	203298	374	*	2.98849	2.98849	Promoter	16	203421	204941	1521	1	YPL181W	-123	2	123
XVI	214084	214985	902	*	7.73551	7.94285	Promoter	16	213042	213962	921	2	YPL177C	-122	7	122
XVI	215004	215963	960	*	8.7788	8.9475	Distal Intergenic	16	213042	213962	921	2	YPL177C	-1042	8	1042
XVI	227429	228238	810	*	7.53571	7.53571	Promoter	16	226169	227371	1203	2	YPL171C	-58	6	58
XVI	256969	257376	408	*	3.97759	3.97759	Promoter	16	255913	256767	855	2	YPL156C	-202	3	202
XVI	280012	280463	452	*	2.94594	2.94596	Promoter	16	280480	280926	447	1	YPL144W	-17	1	17
XVI	281515	282000	486	*	3.93514	3.93515	Promoter	16	281056	281517	462	2	snR17b	0	3	0
XVI	296696	297527	832	*	15.0098	15.0098	Promoter	16	297553	298050	498	1	YPL135W	-26	9	26
XVI	338816	340886	2071	*	8.19436	8.3927	Promoter	16	339944	340945	1002	1	YPL111W	0	7	0
XVI	378587	379016	430	*	2.9641	2.9641	Promoter	16	377291	378395	1105	2	YPL090C	-192	2	192
XVI	381300	381855	556	*	2.87153	2.87153	Promoter	16	381965	382993	1029	1	YPL088W	-110	1	110
XVI	404167	404562	396	*	1.97508	1.97508	Promoter	16	398480	404083	5604	2	YPL082C	-84	0	84
XVI	408723	409118	396	*	5.95915	5.95915	Promoter	16	408010	408744	735	2	YPL078C	0	5	0
XVI	411577	412460	884	*	11.5663	11.5663	Promoter	16	412254	415362	3109	1	YPL075W	0	8	0
XVI	425009	425750	742	*	12.2544	12.2544	Promoter	16	424215	425096	882	2	YPL068C	0	9	0
XVI	431397	432702	1306	*	5.68406	5.68406	Promoter	16	432588	434090	1503	1	YPL061W	0	5	0
XVI	450517	451506	990	*	6.05945	6.05945	Promoter	16	445842	450377	4536	2	YPL058C	-140	5	140
XVI	453196	454233	1038	*	13.6757	13.6758	Promoter	16	453430	453735	306	2	YPL056C	0	9	0
XVI	454860	455519	660	*	7.65711	7.65781	Promoter	16	453992	454990	999	2	YPL055C	0	7	0
XVI	463803	464516	714	*	5.68372	5.68372	Promoter	16	464401	465648	1248	1	YPL048W	0	5	0
XVI	481858	482559	702	*	5.23807	5.23807	Promoter	16	481428	481901	474	2	YPL037C	0	4	0
XVI	491665	492044	380	*	6.98626	6.98626	Promoter	16	488887	491364	2478	2	YPL032C	-301	6	301
XVI	497647	498132	486	*	5.87883	5.87883	Promoter	16	498096	499292	1197	1	YPL028W	0	5	0
XVI	502023	503448	1426	*	18.7381	18.7381	Promoter	16	502473	503030	558	2	YPL025C	0	9	0
XVI	517113	517534	422	*	4.94476	4.94476	Promoter	16	514511	517018	2508	2	YPL019C	-95	4	95
XVI	520077	520730	654	*	11.3522	11.3522	Promoter	16	518734	520233	1500	2	YPL017C	0	8	0
XVI	525189	525958	770	*	3.66828	3.66834	Exon (YPL015C_mRNA/YPL015C, exon 1 of 1)	16	525810	526883	1074	2	YPL015C	925	2	925
XVI	526773	527448	676	*	5.54607	5.54608	Promoter	16	525810	526883	1074	2	YPL015C	0	5	0
XVI	551638	552043	406	*	2.97697	2.97697	Promoter	16	552020	553408	1389	1	YPL003W	0	2	0
XVI	566785	567144	360	*	1.99035	1.99035	Promoter	16	565787	566671	885	2	YPR005C	-114	1	114
XVI	572173	572810	638	*	8.43071	8.43071	Promoter	16	572269	572339	71	1	tG(GCC)P1	0	7	0
XVI	575090	576393	1304	*	4.22372	4.22372	Promoter	16	576552	577358	807	1	YPR009W	-159	3	159
XVI	582766	583085	320	*	1.99899	1.99899	Promoter	16	582373	582734	362	2	YPR010C-A	-32	1	32
XVI	585640	587703	2064	*	7.02608	7.138	Promoter	16	587189	587518	330	2	YPR014C	0	6	0
XVI	588175	588842	668	*	5.63595	5.63774	Distal Intergenic	16	587189	587518	330	2	YPR014C	-657	5	657
XVI	591124	591453	330	*	2.99803	2.99803	Promoter	16	590283	591026	744	2	YPR015C	-98	2	98
XVI	627223	627902	680	*	13.5203	13.5203	Promoter	16	627880	631245	3366	1	YPR030W	0	9	0
XVI	640893	642024	1132	*	14.8962	14.8962	Promoter	16	642208	643320	1113	1	YPR035W	-184	9	184
XVI	644761	646332	1572	*	11.6854	11.7542	Promoter	16	645950	646153	204	1	YPR036W-A	0	9	0
XVI	653651	654244	594	*	6.78183	6.78183	Promoter	16	650435	653662	3228	2	YPR042C	0	6	0
XVI	666013	666354	342	*	1.99511	1.99511	Promoter	16	665788	666243	456	2	YPR053C	0	1	0
XVI	678512	679557	1046	*	10.7493	10.7493	Promoter	16	678951	679370	420	1	YPR064W	0	8	0
XVI	694634	695723	1090	*	7.76839	7.76839	Promoter	16	692796	694838	2043	2	YPR074C	0	7	0
XVI	699924	700539	616	*	8.59772	8.59772	Promoter	16	700594	701970	1377	1	YPR080W	-55	7	55
XVI	731732	732345	614	*	6.67321	6.67321	Promoter	16	731224	731748	525	2	YPR102C	0	6	0
XVI	770653	771120	468	*	7.87967	7.87967	Distal Intergenic	16	771653	773128	1476	1	YPR119W	-533	7	533
XVI	775347	775744	398	*	1.9735	1.9735	Promoter	16	775765	775836	72	2	tC(GCA)P2	92	0	92
XVI	789588	789977	390	*	2.97854	2.97854	Promoter	16	790083	791120	1038	1	YPR127W	-106	2	106
XVI	794510	794809	300	*	1	1	Promoter	16	793911	794498	588	2	YPR131C	-12	0	12
XVI	809572	810461	890	*	5.6322	5.6322	Promoter	16	808947	810269	1323	2	YPR137C-A	0	5	0
XVI	812742	813175	434	*	2.95278	2.95278	Promoter	16	810984	812453	1470	2	YPR138C	-289	2	289
XVI	821759	822676	918	*	4.38273	4.38273	Promoter	16	822620	824338	1719	1	YPR145W	0	3	0
XVI	828446	829563	1118	*	4.17153	4.17153	Promoter	16	826833	828140	1308	2	YPR148C	-306	3	306
XVI	831831	832344	514	*	5.90582	5.90582	Promoter	16	831055	831675	621	2	YPR151C	-156	5	156
XVI	839939	841082	1144	*	14.8315	14.8315	Promoter	16	837909	839777	1869	2	YPR156C	-162	9	162
XVI	844697	845448	752	*	4.35564	4.35564	Promoter	16	844709	846031	1323	1	YPR158W-A	0	3	0
XVI	855460	856211	752	*	3.65674	3.65898	Promoter	16	854935	856257	1323	2	YPR158C-C	46	2	46
XVI	856754	857345	592	*	5.83306	5.8379	Promoter	16	856902	856974	73	1	tA(AGC)P	0	5	0
XVI	860124	861103	980	*	6.09401	6.09401	Promoter	16	860314	860415	102	2	YPR159C-A	0	5	0
XVI	901529	902026	498	*	7.89919	7.89919	Promoter	16	902044	906654	4611	1	YPR184W	-18	7	18
XVI	920672	921711	1040	*	8.20289	8.20289	Promoter	16	921860	922777	918	1	YPR192W	-149	7	149
XVI	927323	928874	1552	*	9.47956	9.47956	Promoter	16	927965	928294	330	2	YPR195C	0	8	0
XVI	942465	942924	460	*	2.94022	2.94022	Promoter	16	943032	943896	865	1	YPR202W	-108	1	108
XVI	944243	944542	300	*	1	1	Promoter	16	944603	947701	3099	1	YPR204W	-61	0	61
XVI	947685	948190	506	*	5.89301	5.89301	Promoter	16	946856	947338	483	2	YPR204C-A	-347	5	347
